1 0.5193895
2 0.09922441
3 0.050063103
4 0.03688205
5 0.03177567
6 0.014946895
7 0.018664112
8 0.011935684
9 0.0086778635
10 0.0065388745
11 0.007229552
12 0.002662509
13 0.0057001067
14 0.0040768534
15 0.003928935
16 0.003563527
17 0.003996713
18 0.0025752676
19 0.0032404568
20 0.002379061
21 0.0020564033
22 0.0016301037
23 0.0018448822
24 0.0007951538
25 0.0014611116
26 0.001035174
27 0.0010684887
28 0.001110335
29 0.0012629817
30 0.0008145417
31 0.0010900947
32 0.0008472716
33 0.00070183206
34 0.0006568733
35 0.0007390321
36 0.00029172943
37 0.00067610457
38 0.0005564933
39 0.0005457809
40 0.00058631285
41 0.0006714635
42 0.00046865118
43 0.0006268367
44 0.00051265233
45 0.00045549756
46 0.0004097309
47 0.0005038085
48 0.0002877616
49 0.0004971707
50 0.00041151862
51 0.0004404643
52 0.0004406938
53 0.0005100037
54 0.00038506335
55 0.0004899197
56 0.0004061276
57 0.0003857267
58 0.00035316413
59 0.000389714
60 0.00021505839
61 0.00034006606
62 0.00027818905
63 0.00028292218
64 0.00029665555
65 0.0003216466
66 0.00022960293
67 0.00027993534
68 0.00022784914
69 0.00019245429
70 0.0001779681
71 0.00020007441
72 0.00009683305
73 0.0001880567
74 0.00015815748
75 0.00016207722
76 0.00018169121
77 0.00021108588
78 0.00016290178
79 0.00021687205
80 0.00018835197
81 0.00017091216
82 0.00015854226
83 0.00018345405
84 0.00010890592
85 0.00018689531
86 0.00016066943
87 0.00016611781
88 0.00016399469
89 0.00018931582
90 0.00014100307
91 0.00017572753
92 0.00014320204
93 0.00013496188
94 0.0001181049
95 0.00013515024
96 0.000074089214
97 0.00012173833
98 0.00009493538
99 0.00009887706
100 0.00010396743
101 0.000118503296
102 0.00008421102
103 0.00011118272
104 0.000090960595
105 0.00008111167
106 0.00007759977
107 0.0000873827
108 0.000038326263
109 0.00008244697
110 0.00006893475
111 0.00006946287
112 0.000075786884
113 0.00009005902
114 0.00006557406
115 0.000089524416
116 0.00007404749
117 0.000066017805
118 0.000059116315
119 0.000073693096
120 0.00004072111
121 0.00007660552
122 0.00006362192
123 0.00007048279
124 0.00007207617
125 0.00008535915
126 0.00006303774
127 0.0000821449
128 0.00006606062
129 0.00006434111
130 0.00005903285
131 0.00006814894
132 0.000033463166
133 0.00006073424
134 0.00004787604
135 0.00004911995
136 0.000051658997
137 0.00006013155
138 0.000039678256
139 0.000052368716
140 0.00004142707
141 0.000034005214
142 0.000031163996
143 0.000035918314
144 0.000010340436
145 0.00003560776
146 0.00002956284
147 0.000031364187
148 0.000037178914
149 0.000046093253
150 0.000034041914
151 0.000049519786
152 0.00004205229
153 0.00003854285
154 0.000036338755
155 0.000044776894
156 0.000024093039
157 0.000047401125
158 0.000040135666
159 0.000041983145
160 0.00004227631
161 0.0000508582
162 0.00003739715
163 0.000049378337
164 0.000040626193
165 0.000038454982
166 0.00003383043
167 0.000039511287
168 0.000020469688
169 0.000035709294
170 0.000027431914
171 0.000029622102
172 0.00003244889
173 0.000038404894
174 0.000026863921
175 0.000036142756
176 0.0000296015
177 0.000025711859
178 0.000024600471
179 0.000028813498
180 0.000012301214
181 0.000028883138
182 0.000024808602
183 0.000024774165
184 0.000027337936
185 0.000032179378
186 0.000022716164
187 0.000031855005
188 0.00002671266
189 0.00002444809
190 0.000022414864
191 0.000028548202
192 0.0000158322
193 0.00002967154
194 0.000024572051
195 0.000027510425
196 0.00002844554
197 0.00003427939
198 0.000025879968
199 0.000034273762
200 0.000028435235
201 0.000027567683
202 0.000025302255
203 0.000029120343
204 0.000014743684
205 0.000026314205
206 0.00002139681
207 0.00002282947
208 0.00002457658
209 0.00002736829
210 0.000018684905
211 0.000024281488
212 0.000019517573
213 0.000016272816
214 0.00001503204
215 0.000018095825
216 0.00000729637
217 0.000017832917
218 0.000014568861
219 0.000015479402
220 0.000018141514
221 0.000022185766
222 0.000016810378
223 0.000024196843
224 0.00002128491
225 0.000019397788
226 0.000017956601
227 0.000021667525
228 0.000011974834
229 0.000022882528
230 0.000019619054
231 0.000021055077
232 0.000021350701
233 0.000025276233
234 0.000018647414
235 0.000024200504
236 0.000019640365
237 0.000018708526
238 0.000016485175
239 0.000019544847
240 0.000010225754
241 0.000017964956
242 0.000013889896
243 0.000014768061
244 0.000015841268
245 0.000018494633
246 0.000012951212
247 0.00001807874
248 0.000015034932
249 0.000013248645
250 0.0000130102
251 0.000014940618
252 0.0000062377667
253 0.000014423821
254 0.000012067082
255 0.000012402134
256 0.000013879763
257 0.00001666637
258 0.000012165395
259 0.000017064342
260 0.000014158426
261 0.000012675171
262 0.0000115404455
263 0.000014765559
264 0.000008314052
265 0.000015675325
266 0.000013197445
267 0.0000147821065
268 0.000015269497
269 0.000018182753
270 0.000013489019
271 0.000017911725
272 0.000014597844
273 0.000014188976
274 0.000013201514
275 0.000015345193
276 0.000007589
277 0.000013907445
278 0.000011047556
279 0.000011419129
280 0.000012217739
281 0.000014157989
282 0.0000094671595
283 0.000012594747
284 0.000009981762
285 0.0000082064225
286 0.0000075371486
287 0.000008861891
288 0.0000024217427
289 0.000008663519
290 0.000007271727
291 0.000007801791
292 0.000009392113
293 0.000011685293
294 0.000008615555
295 0.000012752836
296 0.000010780597
297 0.000010069743
298 0.00000960299
299 0.000011996512
300 0.0000063947373
301 0.0000127564645
302 0.0000108414815
303 0.000011592754
304 0.000011689151
305 0.000014289813
306 0.000010635502
307 0.000014095056
308 0.000011669642
309 0.000011113118
310 0.0000097928905
311 0.000011570919
312 0.0000060151297
313 0.000010662151
314 0.000008346001
315 0.000009051862
316 0.000009896731
317 0.000011729391
318 0.000008335355
319 0.000011263595
320 0.000009287713
321 0.000008298231
322 0.000008070922
323 0.000009440045
324 0.0000043191144
325 0.000009532521
326 0.000008333513
327 0.000008444843
328 0.000009258348
329 0.000011042573
330 0.000008112537
331 0.000011087611
332 0.00000950369
333 0.000008829958
334 0.000008248376
335 0.00001033013
336 0.0000061473115
337 0.000010874647
338 0.000009327433
339 0.00001027217
340 0.000010594331
341 0.000012632424
342 0.000009886261
343 0.000012815624
344 0.00001088453
345 0.0000107243995
346 0.000010024916
347 0.00001138336
348 0.000006492908
349 0.000010528928
350 0.000008865379
351 0.000009233599
352 0.000009833659
353 0.000010996982
354 0.000008015336
355 0.000010007542
356 0.000008381443
357 0.000007262668
358 0.0000068776094
359 0.000007849058
360 0.0000039629185
361 0.000007860664
362 0.0000067224673
363 0.0000070407245
364 0.000008063001
365 0.000009561553
366 0.0000075618436
367 0.000010163048
368 0.000009066276
369 0.000008330242
370 0.000007855741
371 0.000009228084
372 0.0000056290774
373 0.000009769526
374 0.000008551556
375 0.000008948757
376 0.000009036759
377 0.000010502358
378 0.000007935695
379 0.000010069659
380 0.000008352456
381 0.000007985819
382 0.0000071269155
383 0.000008220311
384 0.0000046073274
385 0.0000075753164
386 0.000005915977
387 0.000006261209
388 0.0000066969124
389 0.000007768176
390 0.0000055508826
391 0.0000074821105
392 0.00000622705
393 0.0000055150213
394 0.0000053221197
395 0.000006082265
396 0.0000025548375
397 0.0000058703026
398 0.0000049085843
399 0.0000049606406
400 0.000005544879
401 0.0000066269013
402 0.000004710523
403 0.0000067139335
404 0.000005518447
405 0.0000049164832
406 0.000004407167
407 0.000005691035
408 0.00000296027
409 0.0000060369057
410 0.0000049221812
411 0.000005603899
412 0.0000058130286
413 0.0000070694014
414 0.000005089997
415 0.0000069100824
416 0.000005484038
417 0.000005314488
418 0.0000048309716
419 0.0000057896373
420 0.0000024323629
421 0.000005165468
422 0.0000039394185
423 0.0000042016
424 0.000004538673
425 0.0000053715303
426 0.0000032424955
427 0.000004612932
428 0.0000034677034
429 0.0000027159062
430 0.000002412115
431 0.0000030617327
432 2.6285934e-7
433 0.00000304543
434 0.000002372136
435 0.0000026433136
436 0.0000033520732
437 0.000004419444
438 0.0000030787683
439 0.0000050216067
440 0.000004213619
441 0.000003871429
442 0.0000035925316
443 0.000004695464
444 0.0000021813034
445 0.0000051099205
446 0.0000042546408
447 0.0000046473365
448 0.0000047640683
449 0.0000059455974
450 0.000004334598
451 0.0000059512545
452 0.000004849544
453 0.0000046149016
454 0.000004031893
455 0.0000049087243
456 0.0000023843775
457 0.0000045408724
458 0.0000034970299
459 0.0000038677003
460 0.000004290703
461 0.0000051735556
462 0.0000035999772
463 0.0000050459626
464 0.0000041929266
465 0.0000036793429
466 0.00000362899
467 0.000004284439
468 0.0000018817259
469 0.0000043671835
470 0.0000038018038
471 0.0000038895428
472 0.000004339131
473 0.00000517532
474 0.000003820506
475 0.000005288893
476 0.0000045243787
477 0.0000041944227
478 0.000003926871
479 0.0000049664814
480 0.0000030004358
481 0.000005261304
482 0.0000045295587
483 0.000005013501
484 0.000005195789
485 0.0000061992428
486 0.0000048464467
487 0.000006327533
488 0.000005427225
489 0.0000053354156
490 0.0000050556346
491 0.000005736102
492 0.000003291526
493 0.000005299251
494 0.000004480497
495 0.0000046902765
496 0.000005051938
497 0.0000056024255
498 0.000004127622
499 0.0000051433585
500 0.000004318456
501 0.0000037465372
502 0.0000035607557
503 0.0000040949967
504 0.000002089051
505 0.00000405008
506 0.0000035151845
507 0.000003675288
508 0.000004182949
509 0.000004948895
510 0.0000039255037
511 0.0000052985547
512 0.0000047101726
513 0.0000043789964
514 0.0000041627873
515 0.00000489805
516 0.0000030024653
517 0.000005161953
518 0.0000045348143
519 0.000004794941
520 0.0000048260645
521 0.0000056516355
522 0.000004304052
523 0.0000054273864
524 0.0000045074275
525 0.0000043312402
526 0.0000038776957
527 0.0000044962485
528 0.0000025342638
529 0.0000041824455
530 0.0000033235447
531 0.0000035093192
532 0.0000037426407
533 0.0000043168507
534 0.0000031394557
535 0.0000042027373
536 0.0000035130374
537 0.0000031645725
538 0.0000030735239
539 0.0000035008366
540 0.0000015913034
541 0.0000034058226
542 0.000002896199
543 0.0000029454582
544 0.0000032436606
545 0.0000039047977
546 0.0000028752008
547 0.0000039863744
548 0.000003346307
549 0.0000030348265
550 0.0000027674475
551 0.0000034877248
552 0.000001966638
553 0.000003696005
554 0.0000031116213
555 0.000003490102
556 0.000003613749
557 0.0000043191144
558 0.0000032232695
559 0.0000042486463
560 0.000003450142
561 0.0000033966753
562 0.0000031489094
563 0.000003672297
564 0.0000018209295
565 0.0000033548977
566 0.000002672092
567 0.0000027591816
568 0.0000029338491
569 0.0000034491195
570 0.000002291968
571 0.0000030748972
572 0.0000024554392
573 0.0000020261557
574 0.0000018752407
575 0.0000021911083
576 6.2286045e-7
577 0.0000022247605
578 0.0000018628772
579 0.0000019962608
580 0.0000024058995
581 0.000003012623
582 0.0000022353404
583 0.000003290023
584 0.000002821273
585 0.0000026160114
586 0.000002491479
587 0.0000031096074
588 0.000001682367
589 0.0000033505814
590 0.000002860061
591 0.0000030306828
592 0.0000030883893
593 0.0000037486943
594 0.0000027850006
595 0.000003709992
596 0.0000030801266
597 0.0000029359774
598 0.0000025965915
599 0.0000030625815
600 0.0000015987034
601 0.0000028251106
602 0.0000021813848
603 0.0000023728285
604 0.000002615382
605 0.0000031204552
606 0.0000022017186
607 0.0000029999787
608 0.0000024797628
609 0.0000021737515
610 0.0000021057406
611 0.0000024822064
612 0.0000010651379
613 0.0000025185066
614 0.0000021781257
615 0.0000021985702
616 0.00000245643
617 0.0000029180003
618 0.0000020757775
619 0.000002922335
620 0.0000024714327
621 0.0000022799547
622 0.0000021128942
623 0.0000027096582
624 0.0000015181861
625 0.000002851522
626 0.0000023810326
627 0.000002674238
628 0.0000027767455
629 0.0000033743934
630 0.0000025720371
631 0.0000034305756
632 0.0000028758097
633 0.000002803615
634 0.0000025886345
635 0.0000029994812
636 0.0000015433714
637 0.000002747318
638 0.000002249122
639 0.0000024046951
640 0.0000025988716
641 0.0000029234097
642 0.0000020109314
643 0.0000026227424
644 0.000002122243
645 0.0000017856711
646 0.0000016658668
647 0.0000020088178
648 8.189282e-7
649 0.000001998792
650 0.0000016421468
651 0.0000017539662
652 0.0000020737837
653 0.0000025462377
654 0.0000019348408
655 0.0000027981307
656 0.0000024775165
657 0.00000226368
658 0.0000021002961
659 0.000002552975
660 0.0000014187835
661 0.0000027415758
662 0.0000023686257
663 0.0000025411516
664 0.0000025889515
665 0.0000030829622
666 0.0000022901313
667 0.0000029949051
668 0.000002446992
669 0.000002340669
670 0.0000020622247
671 0.0000024643475
672 0.000001298585
673 0.0000022970444
674 0.0000017926835
675 0.0000019201852
676 0.0000020754278
677 0.0000024349297
678 0.0000017163858
679 0.0000023948207
680 0.0000020047403
681 0.0000017840534
682 0.0000017636804
683 0.000002030535
684 8.4875387e-7
685 0.000001967394
686 0.000001653059
687 0.0000017120443
688 0.0000019329716
689 0.000002329809
690 0.0000017159742
691 0.0000024096255
692 0.0000020113234
693 0.0000018063702
694 0.0000016487638
695 0.0000021164317
696 0.0000011977256
697 0.000002276379
698 0.0000019267716
699 0.0000021659273
700 0.000002246578
701 0.0000026918146
702 0.0000020118298
703 0.000002679647
704 0.0000022016748
705 0.0000021522167
706 0.000002022844
707 0.0000023568005
708 0.0000011812244
709 0.0000021462395
710 0.0000017222862
711 0.0000017887419
712 0.000001923716
713 0.0000022413337
714 0.0000015118346
715 0.0000020055643
716 0.0000016037309
717 0.0000013331537
718 0.0000012354319
719 0.0000014525194
720 4.2417165e-7
721 0.0000014325691
722 0.0000012188954
723 0.0000013021798
724 0.0000015590814
725 0.0000019415227
726 0.0000014472375
727 0.0000021397861
728 0.0000018223005
729 0.0000017036826
730 0.0000016283916
731 0.0000020354469
732 0.000001106853
733 0.0000021890448
734 0.00000187628
735 0.0000019963695
736 0.0000020203674
737 0.000002472647
738 0.0000018478045
739 0.0000024520227
740 0.000002038609
741 0.0000019509353
742 0.0000017330291
743 0.0000020529917
744 0.0000010783871
745 0.0000019035837
746 0.0000015029544
747 0.000001633958
748 0.0000017936391
749 0.0000021291369
750 0.0000015227837
751 0.0000020507678
752 0.0000016986013
753 0.0000015200641
754 0.0000014786673
755 0.0000017367053
756 8.0383563e-7
757 0.0000017710057
758 0.0000015566492
759 0.0000015826403
760 0.0000017360552
761 0.0000020749767
762 0.000001540726
763 0.0000021061396
764 0.0000018124141
765 0.0000016861612
766 0.0000015774702
767 0.000001975197
768 0.0000011795695
769 0.0000020866232
770 0.0000017943818
771 0.0000019884535
772 0.0000020596085
773 0.0000024605117
774 0.000001929932
775 0.0000025057848
776 0.0000021311791
777 0.0000021092785
778 0.0000019837316
779 0.000002257298
780 0.0000012861169
781 0.0000020933185
782 0.0000017706008
783 0.00000185561
784 0.0000019860424
785 0.0000022275105
786 0.0000016304591
787 0.0000020502002
788 0.0000017243508
789 0.0000014944088
790 0.000001420855
791 0.0000016285785
792 8.32749e-7
793 0.0000016439723
794 0.0000014154617
795 0.0000014846526
796 0.0000016945068
797 0.0000020169527
798 0.0000016046143
799 0.0000021637854
800 0.0000019381366
801 0.000001789371
802 0.0000017009268
803 0.0000020037164
804 0.0000012342648
805 0.0000021205192
806 0.0000018639754
807 0.0000019584609
808 0.0000019853912
809 0.000002311152
810 0.0000017492545
811 0.000002218265
812 0.000001845017
813 0.0000017701698
814 0.0000015907506
815 0.000001840654
816 0.0000010386822
817 0.0000017035109
818 0.0000013371556
819 0.0000014126747
820 0.0000015119522
821 0.0000017522913
822 0.0000012577941
823 0.0000016993611
824 0.0000014198788
825 0.00000125682
826 0.0000012152724
827 0.0000013953462
828 5.934611e-7
829 0.0000013578807
830 0.0000011423568
831 0.0000011542407
832 0.0000012889166
833 0.0000015434953
834 0.0000010972368
835 0.0000015648584
836 0.0000012896627
837 0.0000011521505
838 0.0000010352024
839 0.0000013414701
840 6.947755e-7
841 0.0000014221425
842 0.0000011589287
843 0.0000013298298
844 0.0000013836437
845 0.000001686705
846 0.0000012148557
847 0.0000016543866
848 0.0000013119015
849 0.0000012677137
850 0.0000011474216
851 0.0000013807904
852 5.72135e-7
853 0.0000012412044
854 9.4190017e-7
855 0.0000010042925
856 0.0000010855914
857 0.0000012887758
858 7.7208585e-7
859 0.0000011170164
860 8.3778684e-7
861 6.49134e-7
862 5.728679e-7
863 7.373726e-7
864 3.957994e-8
865 7.336406e-7
866 5.6757983e-7
867 6.3974545e-7
868 8.230085e-7
869 0.0000010936923
870 7.521867e-7
871 0.0000012487192
872 0.0000010482129
873 9.649001e-7
874 8.99512e-7
875 0.0000011851486
876 5.3940244e-7
877 0.0000012901681
878 0.0000010722003
879 0.0000011816711
880 0.0000012147992
881 0.0000015271431
882 0.0000011102132
883 0.0000015390268
884 0.0000012577812
885 0.0000011964446
886 0.0000010452101
887 0.0000012796593
888 6.173056e-7
889 0.0000011887
890 9.163781e-7
891 0.0000010131149
892 0.00000112625
893 0.000001363065
894 9.467527e-7
895 0.0000013369821
896 0.0000011098031
897 9.779966e-7
898 9.693473e-7
899 0.0000011482456
900 4.943673e-7
901 0.0000011676847
902 0.0000010140525
903 0.0000010426089
904 0.0000011704074
905 0.0000014003386
906 0.0000010284401
907 0.000001431667
908 0.00000122747
909 0.0000011394602
910 0.0000010721437
911 0.0000013673857
912 8.2377954e-7
913 0.0000014583101
914 0.0000012602197
915 0.0000013935924
916 0.0000014445362
917 0.0000017282196
918 0.0000013550475
919 0.0000017774352
920 0.0000015246217
921 0.0000014955269
922 0.0000014142281
923 0.0000016099876
924 9.218663e-7
925 0.0000014959422
926 0.0000012634025
927 0.000001323957
928 0.0000014274414
929 0.000001587425
930 0.0000011703451
931 0.000001462238
932 0.0000012255265
933 0.0000010639566
934 0.0000010117737
935 0.0000011670567
936 5.832974e-7
937 0.0000011524386
938 9.953936e-7
939 0.0000010470121
940 0.000001202062
941 0.0000014269337
942 0.0000011300158
943 0.0000015342492
944 0.0000013638586
945 0.0000012665175
946 0.0000012026748
947 0.0000014197361
948 8.639373e-7
949 0.0000015069866
950 0.000001323534
951 0.0000014002441
952 0.0000014108515
953 0.0000016610624
954 0.0000012633325
955 0.0000016044108
956 0.0000013342309
957 0.0000012831537
958 0.0000011469642
959 0.0000013344127
960 7.4688364e-7
961 0.0000012456129
962 9.901258e-7
963 0.000001049263
964 0.0000011242017
965 0.0000013030829
966 9.44585e-7
967 0.0000012694896
968 0.0000010576362
969 9.577842e-7
970 9.3346546e-7
971 0.0000010668962
972 4.789369e-7
973 0.0000010403054
974 8.851195e-7
975 9.049119e-7
976 0.0000010018076
977 0.0000012082612
978 8.937187e-7
979 0.0000012402386
980 0.0000010406861
981 9.4194655e-7
982 8.579586e-7
983 0.000001083275
984 6.1053856e-7
985 0.0000011605649
986 9.801199e-7
987 0.000001098258
988 0.0000011393274
989 0.0000013661252
990 0.0000010226734
991 0.0000013525737
992 0.0000011022037
993 0.0000010889327
994 0.0000010148839
995 0.0000011875434
996 5.9291915e-7
997 0.0000010854882
998 8.6964775e-7
999 9.019103e-7
1000 9.612413e-7
1001 0.0000011299253
1002 7.5715155e-7
1003 0.000001008352
1004 8.0795013e-7
1005 6.7080646e-7
1006 6.2256356e-7
1007 7.260974e-7
1008 2.127667e-7
1009 7.3821735e-7
1010 6.204214e-7
1011 6.6649204e-7
1012 7.999532e-7
1013 0.0000010014953
1014 7.4948883e-7
1015 0.000001099163
1016 9.437109e-7
1017 8.749364e-7
1018 8.330359e-7
1019 0.0000010383786
1020 5.654321e-7
1021 0.0000011229216
1022 9.617637e-7
1023 0.0000010179077
1024 0.0000010360461
1025 0.000001258086
1026 9.372013e-7
1027 0.0000012488927
1028 0.0000010375214
1029 9.916291e-7
1030 8.8049734e-7
1031 0.0000010372061
1032 5.436978e-7
1033 9.560979e-7
1034 7.403188e-7
1035 8.0835e-7
1036 8.9371173e-7
1037 0.0000010683783
1038 7.560893e-7
1039 0.0000010278611
1040 8.5129443e-7
1041 7.45721e-7
1042 7.199883e-7
1043 8.507494e-7
1044 3.67823e-7
1045 8.6847746e-7
1046 7.536246e-7
1047 7.5914613e-7
1048 8.4396703e-7
1049 0.0000010035344
1050 7.170687e-7
1051 0.0000010128765
1052 8.5782335e-7
1053 7.9204335e-7
1054 7.33213e-7
1055 9.410337e-7
1056 5.30126e-7
1057 9.943195e-7
1058 8.321788e-7
1059 9.391766e-7
1060 9.779832e-7
1061 0.0000011875161
1062 9.046364e-7
1063 0.0000012050562
1064 0.0000010099542
1065 9.891213e-7
1066 9.157777e-7
1067 0.0000010628139
1068 5.4664116e-7
1069 9.749708e-7
1070 8.014292e-7
1071 8.610093e-7
1072 9.334024e-7
1073 0.0000010478744
1074 7.217514e-7
1075 9.419681e-7
1076 7.652854e-7
1077 6.449962e-7
1078 6.0010643e-7
1079 7.2697446e-7
1080 3.0086397e-7
1081 7.278883e-7
1082 6.0040026e-7
1083 6.43049e-7
1084 7.5708505e-7
1085 9.3135014e-7
1086 7.138879e-7
1087 0.0000010268213
1088 9.1117465e-7
1089 8.365858e-7
1090 7.7910585e-7
1091 9.4578473e-7
1092 5.301118e-7
1093 0.0000010128347
1094 8.7597465e-7
1095 9.4518424e-7
1096 9.645136e-7
1097 0.0000011483725
1098 8.5705443e-7
1099 0.0000011148234
1100 9.132216e-7
1101 8.7587995e-7
1102 7.75485e-7
1103 9.2538284e-7
1104 4.918221e-7
1105 8.6437205e-7
1106 6.750411e-7
1107 7.2274577e-7
1108 7.7853304e-7
1109 9.146344e-7
1110 6.4774514e-7
1111 9.0523724e-7
1112 7.6132784e-7
1113 6.764387e-7
1114 6.6688494e-7
1115 7.6822874e-7
1116 3.2935688e-7
1117 7.5100843e-7
1118 6.339105e-7
1119 6.5454657e-7
1120 7.3471426e-7
1121 8.873022e-7
1122 6.535409e-7
1123 9.171847e-7
1124 7.6839626e-7
1125 6.9336306e-7
1126 6.350833e-7
1127 8.131536e-7
1128 4.6373088e-7
1129 8.712596e-7
1130 7.3790284e-7
1131 8.308228e-7
1132 8.6279306e-7
1133 0.0000010345344
1134 7.7340457e-7
1135 0.0000010289917
1136 8.4596786e-7
1137 8.2820094e-7
1138 7.754453e-7
1139 9.0462873e-7
1140 4.5525937e-7
1141 8.293717e-7
1142 6.655586e-7
1143 6.900726e-7
1144 7.41998e-7
1145 8.635163e-7
1146 5.8191324e-7
1147 7.73528e-7
1148 6.190282e-7
1149 5.1455174e-7
1150 4.7555426e-7
1151 5.613693e-7
1152 1.6213495e-7
1153 5.5534224e-7
1154 4.7111894e-7
1155 5.049848e-7
1156 6.080447e-7
1157 7.5854183e-7
1158 5.636326e-7
1159 8.331656e-7
1160 7.1046423e-7
1161 6.678053e-7
1162 6.3863104e-7
1163 7.9988206e-7
1164 4.3225666e-7
1165 8.606292e-7
1166 7.3617514e-7
1167 7.903708e-7
1168 8.006652e-7
1169 9.815764e-7
1170 7.373775e-7
1171 9.776816e-7
1172 8.149578e-7
1173 7.8024016e-7
1174 6.899422e-7
1175 8.1781513e-7
1176 4.313117e-7
1177 7.6341666e-7
1178 6.024535e-7
1179 6.56112e-7
1180 7.197882e-7
1181 8.554677e-7
1182 6.137177e-7
1183 8.28334e-7
1184 6.877159e-7
1185 6.190161e-7
1186 6.0386316e-7
1187 7.083356e-7
1188 3.300574e-7
1189 7.2100687e-7
1190 6.3327576e-7
1191 6.4574414e-7
1192 7.106015e-7
1193 8.4983753e-7
1194 6.296369e-7
1195 8.611965e-7
1196 7.427578e-7
1197 6.9496747e-7
1198 6.5297417e-7
1199 8.175497e-7
1200 4.920036e-7
1201 8.654887e-7
1202 7.4566447e-7
1203 8.249692e-7
1204 8.533876e-7
1205 0.0000010206778
1206 8.032004e-7
1207 0.0000010433017
1208 8.9042356e-7
1209 8.820853e-7
1210 8.29118e-7
1211 9.429168e-7
1212 5.436531e-7
1213 8.787008e-7
1214 7.4393625e-7
1215 7.776706e-7
1216 8.317555e-7
1217 9.3325684e-7
1218 6.8449816e-7
1219 8.566583e-7
1220 7.212184e-7
1221 6.286536e-7
1222 5.9802323e-7
1223 6.8428216e-7
1224 3.513532e-7
1225 6.9105977e-7
1226 5.9446455e-7
1227 6.234978e-7
1228 7.1453866e-7
1229 8.495737e-7
1230 6.7577895e-7
1231 9.100255e-7
1232 8.1581663e-7
1233 7.5241434e-7
1234 7.129584e-7
1235 8.3982064e-7
1236 5.180058e-7
1237 8.9622574e-7
1238 7.889653e-7
1239 8.259558e-7
1240 8.3710734e-7
1241 9.749599e-7
1242 7.397693e-7
1243 9.4024927e-7
1244 7.8212724e-7
1245 7.503556e-7
1246 6.7141474e-7
1247 7.77987e-7
1248 4.3834828e-7
1249 7.218251e-7
1250 5.663291e-7
1251 6.0122665e-7
1252 6.4611885e-7
1253 7.506037e-7
1254 5.395263e-7
1255 7.2746343e-7
1256 6.0760243e-7
1257 5.401534e-7
1258 5.23221e-7
1259 6.007331e-7
1260 2.534387e-7
1261 5.8391936e-7
1262 4.9033844e-7
1263 4.9764213e-7
1264 5.5879445e-7
1265 6.689504e-7
1266 4.7761466e-7
1267 6.8103765e-7
1268 5.616795e-7
1269 5.015857e-7
1270 4.503996e-7
1271 5.8298997e-7
1272 3.0314166e-7
1273 6.211263e-7
1274 5.070061e-7
1275 5.804239e-7
1276 6.0434223e-7
1277 7.3872707e-7
1278 5.3257503e-7
1279 7.258684e-7
1280 5.7801617e-7
1281 5.606621e-7
1282 5.108694e-7
1283 6.143608e-7
1284 2.573845e-7
1285 5.515271e-7
1286 4.2088837e-7
1287 4.495608e-7
1288 4.8774285e-7
1289 5.805048e-7
1290 3.5064537e-7
1291 5.0232387e-7
1292 3.7861776e-7
1293 2.9673745e-7
1294 2.641745e-7
1295 3.369774e-7
1296 2.6718691e-8
1297 3.3675593e-7
1298 2.6296297e-7
1299 2.932054e-7
1300 3.7325765e-7
1301 4.954919e-7
1302 3.449313e-7
1303 5.66526e-7
1304 4.7615745e-7
1305 4.378677e-7
1306 4.073782e-7
1307 5.3508603e-7
1308 2.4774252e-7
1309 5.865185e-7
1310 4.903304e-7
1311 5.356695e-7
1312 5.5081557e-7
1313 6.908767e-7
1314 5.0222354e-7
1315 6.944342e-7
1316 5.668205e-7
1317 5.405721e-7
1318 4.7375485e-7
1319 5.802197e-7
1320 2.807056e-7
1321 5.393684e-7
1322 4.1706616e-7
1323 4.6204673e-7
1324 5.149166e-7
1325 6.226298e-7
1326 4.337899e-7
1327 6.0908894e-7
1328 5.0717415e-7
1329 4.4586673e-7
1330 4.4035147e-7
1331 5.228618e-7
1332 2.2633756e-7
1333 5.350126e-7
1334 4.6635932e-7
1335 4.7947407e-7
1336 5.3735477e-7
1337 6.438582e-7
1338 4.7532475e-7
1339 6.595457e-7
1340 5.659199e-7
1341 5.2504987e-7
1342 4.9238656e-7
1343 6.264631e-7
1344 3.7682202e-7
1345 6.679635e-7
1346 5.7665306e-7
1347 6.400442e-7
1348 6.6550723e-7
1349 7.968388e-7
1350 6.2417604e-7
1351 8.184253e-7
1352 7.03525e-7
1353 6.923999e-7
1354 6.566457e-7
1355 7.4712403e-7
1356 4.2792618e-7
1357 6.94096e-7
1358 5.8769837e-7
1359 6.1674785e-7
1360 6.6660886e-7
1361 7.4289306e-7
1362 5.478959e-7
1363 6.858668e-7
1364 5.774816e-7
1365 5.016037e-7
1366 4.768831e-7
1367 5.501296e-7
1368 2.7969463e-7
1369 5.4772386e-7
1370 4.7582435e-7
1371 4.987281e-7
1372 5.6928195e-7
1373 6.766943e-7
1374 5.3768736e-7
1375 7.286103e-7
1376 6.501856e-7
1377 6.0616685e-7
1378 5.7679193e-7
1379 6.81092e-7
1380 4.1773635e-7
1381 7.208874e-7
1382 6.354767e-7
1383 6.7287874e-7
1384 6.792461e-7
1385 7.985989e-7
1386 6.081275e-7
1387 7.6932224e-7
1388 6.41193e-7
1389 6.175592e-7
1390 5.54457e-7
1391 6.457526e-7
1392 3.651536e-7
1393 6.035828e-7
1394 4.8149e-7
1395 5.0870176e-7
1396 5.432454e-7
1397 6.286136e-7
1398 4.571942e-7
1399 6.1307145e-7
1400 5.137293e-7
1401 4.6525014e-7
1402 4.521339e-7
1403 5.173672e-7
1404 2.3690798e-7
1405 5.070545e-7
1406 4.3313813e-7
1407 4.4132076e-7
1408 4.8681227e-7
1409 5.870637e-7
1410 4.345343e-7
1411 6.00374e-7
1412 5.0651164e-7
1413 4.6028427e-7
1414 4.1988082e-7
1415 5.3051804e-7
1416 3.0096606e-7
1417 5.6572384e-7
1418 4.783435e-7
1419 5.3697727e-7
1420 5.5709563e-7
1421 6.6710487e-7
1422 5.0067524e-7
1423 6.5927554e-7
1424 5.379811e-7
1425 5.3048547e-7
1426 4.9144097e-7
1427 5.7499585e-7
1428 2.8791638e-7
1429 5.288075e-7
1430 4.2304782e-7
1431 4.3766332e-7
1432 4.659027e-7
1433 5.491376e-7
1434 3.6742662e-7
1435 4.923977e-7
1436 3.953483e-7
1437 3.2806517e-7
1438 3.038142e-7
1439 3.5475313e-7
1440 1.05166144e-7
1441 3.6164366e-7
1442 3.0391396e-7
1443 3.2643584e-7
1444 3.9270304e-7
1445 4.9264463e-7
1446 3.6719632e-7
1447 5.393445e-7
1448 4.6442648e-7
1449 4.3295964e-7
1450 4.1357794e-7
1451 5.1614865e-7
1452 2.8199838e-7
1453 5.555162e-7
1454 4.7575003e-7
1455 5.050756e-7
1456 5.149315e-7
1457 6.259484e-7
1458 4.6652548e-7
1459 6.210151e-7
1460 5.182809e-7
1461 4.9508134e-7
1462 4.392284e-7
1463 5.187948e-7
1464 2.749139e-7
1465 4.811756e-7
1466 3.7457104e-7
1467 4.0702113e-7
1468 4.4899195e-7
1469 5.3665184e-7
1470 3.8031672e-7
1471 5.159737e-7
1472 4.2875578e-7
1473 3.7806456e-7
1474 3.659351e-7
1475 4.3159906e-7
1476 1.8918097e-7
1477 4.3916157e-7
1478 3.8167616e-7
1479 3.843598e-7
1480 4.2847893e-7
1481 5.099078e-7
1482 3.6357804e-7
1483 5.116947e-7
1484 4.3470882e-7
1485 4.023942e-7
1486 3.7303712e-7
1487 4.790288e-7
1488 2.7084224e-7
1489 5.064586e-7
1490 4.24812e-7
1491 4.7714565e-7
1492 4.965744e-7
1493 6.038004e-7
1494 4.6279797e-7
1495 6.159273e-7
1496 5.1821877e-7
1497 5.056414e-7
1498 4.6665562e-7
1499 5.413949e-7
1500 2.808731e-7
1501 4.9897466e-7
1502 4.101007e-7
1503 4.3889452e-7
1504 4.748328e-7
1505 5.3389766e-7
1506 3.6874562e-7
1507 4.795184e-7
1508 3.8939638e-7
1509 3.2918268e-7
1510 3.072031e-7
1511 3.711754e-7
1512 1.5320462e-7
1513 3.7054082e-7
1514 3.0538163e-7
1515 3.2687126e-7
1516 3.863897e-7
1517 4.752928e-7
1518 3.622241e-7
1519 5.237663e-7
1520 4.6499963e-7
1521 4.2633715e-7
1522 3.9621523e-7
1523 4.808461e-7
1524 2.6838373e-7
1525 5.164579e-7
1526 4.4673143e-7
1527 4.8102123e-7
1528 4.906643e-7
1529 5.859885e-7
1530 4.3600903e-7
1531 5.705221e-7
1532 4.681637e-7
1533 4.4892903e-7
1534 3.9662723e-7
1535 4.7341499e-7
1536 2.5074107e-7
1537 4.422653e-7
1538 3.4571002e-7
1539 3.7039064e-7
1540 4.0040996e-7
1541 4.7102156e-7
1542 3.3214369e-7
1543 4.642255e-7
1544 3.8943847e-7
1545 3.4733196e-7
1546 3.4341286e-7
1547 3.9600317e-7
1548 1.6649608e-7
1549 3.8546713e-7
1550 3.244994e-7
1551 3.359963e-7
1552 3.7903817e-7
1553 4.5822395e-7
1554 3.3801626e-7
1555 4.7589248e-7
1556 3.9809677e-7
1557 3.5812317e-7
1558 3.280615e-7
1559 4.2138805e-7
1560 2.396109e-7
1561 4.5473422e-7
1562 3.8611867e-7
1563 4.3358534e-7
1564 4.500564e-7
1565 5.3974355e-7
1566 4.034002e-7
1567 5.3850994e-7
1568 4.4288677e-7
1569 4.3387226e-7
1570 4.080377e-7
1571 4.765931e-7
1572 2.3849398e-7
1573 4.3500552e-7
1574 3.495889e-7
1575 3.644546e-7
1576 3.9292152e-7
1577 4.5798637e-7
1578 3.0954223e-7
1579 4.105197e-7
1580 3.287074e-7
1581 2.733253e-7
1582 2.5386566e-7
1583 2.9906656e-7
1584 8.6431996e-8
1585 2.9536466e-7
1586 2.5099533e-7
1587 2.6938238e-7
1588 3.2312334e-7
1589 4.0296698e-7
1590 3.0102547e-7
1591 4.4553803e-7
1592 3.7962542e-7
1593 3.555885e-7
1594 3.40753e-7
1595 4.264274e-7
1596 2.3122504e-7
1597 4.5900424e-7
1598 3.9336336e-7
1599 4.203496e-7
1600 4.2575093e-7
1601 5.221548e-7
1602 3.9091762e-7
1603 5.200936e-7
1604 4.3266888e-7
1605 4.141349e-7
1606 3.6782973e-7
1607 4.3620594e-7
1608 2.2854931e-7
1609 4.0539925e-7
1610 3.194663e-7
1611 3.4840136e-7
1612 3.8312845e-7
1613 4.563481e-7
1614 3.2656078e-7
1615 4.4140612e-7
1616 3.658753e-7
1617 3.2721704e-7
1618 3.1886265e-7
1619 3.7512112e-7
1620 1.7290573e-7
1621 3.837553e-7
1622 3.3753565e-7
1623 3.4272256e-7
1624 3.7637508e-7
1625 4.5092133e-7
1626 3.3411217e-7
1627 4.5925103e-7
1628 3.9480756e-7
1629 3.6734025e-7
1630 3.4403985e-7
1631 4.329217e-7
1632 2.5808436e-7
1633 4.590465e-7
1634 3.9512094e-7
1635 4.3883614e-7
1636 4.5535396e-7
1637 5.4548406e-7
1638 4.2722615e-7
1639 5.56689e-7
1640 4.7388818e-7
1641 4.7014655e-7
1642 4.431957e-7
1643 5.058986e-7
1644 2.879385e-7
1645 4.7012685e-7
1646 3.9802632e-7
1647 4.173502e-7
1648 4.4722168e-7
1649 5.022632e-7
1650 3.671945e-7
1651 4.6181873e-7
1652 3.8837726e-7
1653 3.365579e-7
1654 3.1991817e-7
1655 3.683664e-7
1656 1.8660775e-7
1657 3.7274688e-7
1658 3.21409e-7
1659 3.378605e-7
1660 3.8728913e-7
1661 4.6179863e-7
1662 3.6732675e-7
1663 4.9590693e-7
1664 4.441151e-7
1665 4.1000035e-7
1666 3.8977316e-7
1667 4.6101655e-7
1668 2.8279766e-7
1669 4.897784e-7
1670 4.306904e-7
1671 4.5312615e-7
1672 4.599781e-7
1673 5.3633886e-7
1674 4.061013e-7
1675 5.166169e-7
1676 4.296228e-7
1677 4.1237672e-7
1678 3.7035798e-7
1679 4.2954497e-7
1680 2.4111068e-7
1681 3.9816996e-7
1682 3.1210098e-7
1683 3.3060337e-7
1684 3.5443708e-7
1685 4.126481e-7
1686 2.956753e-7
1687 4.0172182e-7
1688 3.3600887e-7
1689 2.9700178e-7
1690 2.8741795e-7
1691 3.306353e-7
1692 1.388032e-7
1693 3.2198417e-7
1694 2.7114373e-7
1695 2.7393668e-7
1696 3.062188e-7
1697 3.6821876e-7
1698 2.609532e-7
1699 3.7428242e-7
1700 3.081073e-7
1701 2.7528634e-7
1702 2.4753555e-7
1703 3.2281784e-7
1704 1.6592777e-7
1705 3.4254782e-7
1706 2.7940712e-7
1707 3.2134858e-7
1708 3.3497756e-7
1709 4.0933912e-7
1710 2.9371168e-7
1711 4.0156817e-7
1712 3.1828975e-7
1713 3.0849438e-7
1714 2.795631e-7
1715 3.3760463e-7
1716 1.3862304e-7
1717 3.0367232e-7
1718 2.307776e-7
1719 2.4635028e-7
1720 2.6682505e-7
1721 3.1787812e-7
1722 1.8925023e-7
1723 2.7498294e-7
1724 2.0616821e-7
1725 1.5979835e-7
1726 1.4086812e-7
1727 1.8217735e-7
1728 8.1336635e-9
1729 1.8203275e-7
1730 1.4094272e-7
1731 1.5884712e-7
1732 2.052207e-7
1733 2.7337958e-7
1734 1.8817899e-7
1735 3.125752e-7
1736 2.6282223e-7
1737 2.4191732e-7
1738 2.249983e-7
1739 2.9790152e-7
1740 1.3466767e-7
1741 3.2582275e-7
1742 2.7108194e-7
1743 2.991403e-7
1744 3.0794806e-7
1745 3.8785473e-7
1746 2.824885e-7
1747 3.9169603e-7
1748 3.201721e-7
1749 3.048406e-7
1750 2.6551103e-7
1751 3.2613394e-7
1752 1.5677446e-7
1753 3.0459725e-7
1754 2.3478084e-7
1755 2.6037583e-7
1756 2.8964809e-7
1757 3.5159962e-7
1758 2.441764e-7
1759 3.4596664e-7
1760 2.8789452e-7
1761 2.5416077e-7
1762 2.5249824e-7
1763 2.9941825e-7
1764 1.2996162e-7
1765 3.0540488e-7
1766 2.6615913e-7
1767 2.7388845e-7
1768 3.0771108e-7
1769 3.689914e-7
1770 2.7177305e-7
1771 3.78085e-7
1772 3.2449498e-7
1773 3.0178813e-7
1774 2.8418415e-7
1775 3.619248e-7
1776 2.1840486e-7
1777 3.8552795e-7
1778 3.3315982e-7
1779 3.6928768e-7
1780 3.830033e-7
1781 4.5886125e-7
1782 3.603224e-7
1783 4.7295387e-7
1784 4.0698112e-7
1785 3.999466e-7
1786 3.7892667e-7
1787 4.32114e-7
1788 2.4890264e-7
1789 4.02266e-7
1790 3.4079395e-7
1791 3.570122e-7
1792 3.8516964e-7
1793 4.2920098e-7
1794 3.1693511e-7
1795 3.9613272e-7
1796 3.3288813e-7
1797 2.8956507e-7
1798 2.756024e-7
1799 3.1802384e-7
1800 1.6067919e-7
1801 3.147698e-7
1802 2.7289983e-7
1803 2.863729e-7
1804 3.279444e-7
1805 3.8966976e-7
1806 3.0919884e-7
1807 4.195023e-7
1808 3.7392437e-7
1809 3.4737207e-7
1810 3.304322e-7
1811 3.9048177e-7
1812 2.3857453e-7
1813 4.1526758e-7
1814 3.6541783e-7
1815 3.8668176e-7
1816 3.898661e-7
1817 4.5889726e-7
1818 3.5057042e-7
1819 4.4486387e-7
1820 3.7060525e-7
1821 3.5630833e-7
1822 3.1847426e-7
1823 3.7086872e-7
1824 2.0853157e-7
1825 3.469172e-7
1826 2.76548e-7
1827 2.9362639e-7
1828 3.1475093e-7
1829 3.6479463e-7
1830 2.6551834e-7
1831 3.5576468e-7
1832 2.9720857e-7
1833 2.6959637e-7
1834 2.6298517e-7
1835 3.0093582e-7
1836 1.3578251e-7
1837 2.9307697e-7
1838 2.4960465e-7
1839 2.5585248e-7
1840 2.8328844e-7
1841 3.4198436e-7
1842 2.5371733e-7
1843 3.5222263e-7
1844 2.9643832e-7
1845 2.6876432e-7
1846 2.4552918e-7
1847 3.0989196e-7
1848 1.7525312e-7
1849 3.3107517e-7
1850 2.7989478e-7
1851 3.1433015e-7
1852 3.2601537e-7
1853 3.911941e-7
1854 2.9323564e-7
1855 3.8760257e-7
1856 3.165385e-7
1857 3.123471e-7
1858 2.9138857e-7
1859 3.4082464e-7
1860 1.7075727e-7
1861 3.1212076e-7
1862 2.500023e-7
1863 2.5934065e-7
1864 2.7634755e-7
1865 3.2529482e-7
1866 2.1754803e-7
1867 2.9061738e-7
1868 2.331217e-7
1869 1.938407e-7
1870 1.8008005e-7
1871 2.1058753e-7
1872 6.1790836e-8
1873 2.1432204e-7
1874 1.8072613e-7
1875 1.9357151e-7
1876 2.3222819e-7
1877 2.91288e-7
1878 2.1788978e-7
1879 3.2031755e-7
1880 2.7514585e-7
1881 2.5485028e-7
1882 2.4307047e-7
1883 3.03329e-7
1884 1.652951e-7
1885 3.290709e-7
1886 2.821152e-7
1887 2.9826586e-7
1888 3.0414927e-7
1889 3.6974092e-7
1890 2.7487823e-7
1891 3.6685879e-7
1892 3.050784e-7
1893 2.918224e-7
1894 2.5938854e-7
1895 3.0642468e-7
1896 1.5967251e-7
1897 2.8242442e-7
1898 2.1889244e-7
1899 2.3907285e-7
1900 2.6497008e-7
1901 3.1669632e-7
1902 2.2394065e-7
1903 3.0484836e-7
1904 2.5218006e-7
1905 2.2058687e-7
1906 2.1340797e-7
1907 2.5277515e-7
1908 1.08058835e-7
1909 2.5855635e-7
1910 2.2436825e-7
1911 2.2661253e-7
1912 2.5267866e-7
1913 3.0055847e-7
1914 2.1458106e-7
1915 3.0373698e-7
1916 2.572169e-7
1917 2.3723429e-7
1918 2.196141e-7
1919 2.823655e-7
1920 1.5765278e-7
1921 2.982659e-7
1922 2.4935446e-7
1923 2.8182143e-7
1924 2.9396327e-7
1925 3.5772848e-7
1926 2.7174528e-7
1927 3.639296e-7
1928 3.0446182e-7
1929 2.9771294e-7
1930 2.7585477e-7
1931 3.204588e-7
1932 1.6308326e-7
1933 2.942247e-7
1934 2.4141414e-7
1935 2.5965815e-7
1936 2.820701e-7
1937 3.175141e-7
1938 2.1799907e-7
1939 2.8647636e-7
1940 2.3229754e-7
1941 1.9512738e-7
1942 1.8182268e-7
1943 2.2085712e-7
1944 8.928997e-8
1945 2.2107594e-7
1946 1.8212626e-7
1947 1.9493166e-7
1948 2.3034735e-7
1949 2.8426172e-7
1950 2.1688375e-7
1951 3.1470438e-7
1952 2.7880805e-7
1953 2.5605854e-7
1954 2.3877647e-7
1955 2.913134e-7
1956 1.6183226e-7
1957 3.123155e-7
1958 2.701254e-7
1959 2.921679e-7
1960 2.9866024e-7
1961 3.5601298e-7
1962 2.645512e-7
1963 3.4577155e-7
1964 2.8264722e-7
1965 2.7118745e-7
1966 2.404099e-7
1967 2.8777183e-7
1968 1.5134339e-7
1969 2.6865987e-7
1970 2.094448e-7
1971 2.2448792e-7
1972 2.4258884e-7
1973 2.853943e-7
1974 2.0167406e-7
1975 2.8310996e-7
1976 2.3740918e-7
1977 2.105783e-7
1978 2.0798707e-7
1979 2.4047782e-7
1980 1.0075048e-7
1981 2.3507087e-7
1982 1.9807305e-7
1983 2.0506398e-7
1984 2.3113685e-7
1985 2.796425e-7
1986 2.057954e-7
1987 2.898913e-7
1988 2.423939e-7
1989 2.1825126e-7
1990 1.9949e-7
1991 2.5710293e-7
1992 1.4542869e-7
1993 2.766735e-7
1994 2.342124e-7
1995 2.6447887e-7
1996 2.7508568e-7
1997 3.3013356e-7
1998 2.4687995e-7
1999 3.2981114e-7
2000 2.7103408e-7
2001 2.6500987e-7
2002 2.4824328e-7
2003 2.9014598e-7
2004 1.449617e-7
2005 2.6614944e-7
2006 2.1312056e-7
2007 2.212584e-7
2008 2.3808207e-7
2009 2.7798e-7
2010 1.8688858e-7
2011 2.5000375e-7
2012 1.997155e-7
2013 1.6547548e-7
2014 1.5286223e-7
2015 1.8071601e-7
2016 5.0565514e-8
2017 1.787989e-7
2018 1.5144025e-7
2019 1.6295556e-7
2020 1.9694352e-7
2021 2.465822e-7
2022 1.8291271e-7
2023 2.720062e-7
2024 2.3157551e-7
2025 2.1759158e-7
2026 2.0843272e-7
2027 2.6204413e-7
2028 1.4089846e-7
2029 2.8178292e-7
2030 2.4120592e-7
2031 2.591662e-7
2032 2.6281782e-7
2033 3.2309697e-7
2034 2.4221626e-7
2035 3.2217392e-7
2036 2.6878996e-7
2037 2.573574e-7
2038 2.2800836e-7
2039 2.7108763e-7
2040 1.4268299e-7
2041 2.5313187e-7
2042 1.9982618e-7
2043 2.1760545e-7
2044 2.386961e-7
2045 2.8423105e-7
2046 2.0338405e-7
2047 2.7502836e-7
2048 2.2839471e-7
2049 2.0548771e-7
2050 2.0041475e-7
2051 2.3572086e-7
2052 1.0895757e-7
2053 2.4025618e-7
2054 2.1110772e-7
2055 2.1519466e-7
2056 2.3723142e-7
2057 2.8420712e-7
2058 2.106816e-7
2059 2.8810092e-7
2060 2.488411e-7
2061 2.324797e-7
2062 2.1812082e-7
2063 2.7410925e-7
2064 1.6448804e-7
2065 2.9137183e-7
2066 2.5115207e-7
2067 2.7811052e-7
2068 2.8824823e-7
2069 3.4517373e-7
2070 2.7211692e-7
2071 3.533777e-7
2072 3.0192845e-7
2073 2.9894838e-7
2074 2.8053753e-7
2075 3.1957933e-7
2076 1.8358118e-7
2077 2.984396e-7
2078 2.5272402e-7
2079 2.6465258e-7
2080 2.832856e-7
2081 3.1843416e-7
2082 2.3357097e-7
2083 2.928353e-7
2084 2.4693537e-7
2085 2.1532037e-7
2086 2.0511416e-7
2087 2.346544e-7
2088 1.2021167e-7
2089 2.3700487e-7
2090 2.0374468e-7
2091 2.1412475e-7
2092 2.457074e-7
2093 2.927655e-7
2094 2.3282391e-7
2095 3.139113e-7
2096 2.8169418e-7
2097 2.6011406e-7
2098 2.4659766e-7
2099 2.9054524e-7
2100 1.7886704e-7
2101 3.0985422e-7
2102 2.7270096e-7
2103 2.8622424e-7
2104 2.9039776e-7
2105 3.3891777e-7
2106 2.5712671e-7
2107 3.270293e-7
2108 2.7260273e-7
2109 2.6183324e-7
2110 2.3473835e-7
2111 2.7195892e-7
2112 1.53877e-7
2113 2.5359617e-7
2114 1.9944203e-7
2115 2.1146512e-7
2116 2.2719216e-7
2117 2.6426503e-7
2118 1.8989748e-7
2119 2.559975e-7
2120 2.141443e-7
2121 1.9078401e-7
2122 1.8451165e-7
2123 2.1180885e-7
2124 9.00707e-8
2125 2.0645709e-7
2126 1.7356912e-7
2127 1.7577895e-7
2128 1.9730686e-7
2129 2.3636943e-7
2130 1.6880625e-7
2131 2.4080475e-7
2132 1.9885674e-7
2133 1.7791723e-7
2134 1.5977648e-7
2135 2.067121e-7
2136 1.0782715e-7
2137 2.2130939e-7
2138 1.807375e-7
2139 2.0679586e-7
2140 2.1562684e-7
2141 2.634512e-7
2142 1.9055133e-7
2143 2.5950516e-7
2144 2.0687895e-7
2145 2.0100836e-7
2146 1.8328669e-7
2147 2.2026032e-7
2148 9.261168e-8
2149 1.9808328e-7
2150 1.5130522e-7
2151 1.6188238e-7
2152 1.7579146e-7
2153 2.0877857e-7
2154 1.2662636e-7
2155 1.8073429e-7
2156 1.3636081e-7
2157 1.070457e-7
2158 9.539124e-8
2159 1.2162289e-7
2160 9.963566e-9
2161 1.218238e-7
2162 9.5015146e-8
2163 1.0631013e-7
2164 1.3545109e-7
2165 1.7958442e-7
2166 1.2519378e-7
2167 2.05938e-7
2168 1.7321761e-7
2169 1.595546e-7
2170 1.486684e-7
2171 1.9465134e-7
2172 9.034963e-8
2173 2.1336905e-7
2174 1.7797957e-7
2175 1.9489124e-7
2176 2.0059663e-7
2177 2.516548e-7
2178 1.8330141e-7
2179 2.5338213e-7
2180 2.0688718e-7
2181 1.9750748e-7
2182 1.7313451e-7
2183 2.116328e-7
2184 1.0246126e-7
2185 1.9707306e-7
2186 1.5201415e-7
2187 1.6842735e-7
2188 1.8793445e-7
2189 2.2781748e-7
2190 1.5855252e-7
2191 2.2329961e-7
2192 1.8598787e-7
2193 1.6359586e-7
2194 1.6174369e-7
2195 1.9200368e-7
2196 8.3294395e-8
2197 1.9709248e-7
2198 1.7164616e-7
2199 1.7623195e-7
2200 1.9744988e-7
2201 2.366408e-7
2202 1.7466151e-7
2203 2.4319075e-7
2204 2.0852885e-7
2205 1.9369563e-7
2206 1.8170874e-7
2207 2.3148282e-7
2208 1.395486e-7
2209 2.4732248e-7
2210 2.1344314e-7
2211 2.3715344e-7
2212 2.4699162e-7
2213 2.9593986e-7
2214 2.3154227e-7
2215 3.0372618e-7
2216 2.607934e-7
2217 2.571043e-7
2218 2.4406515e-7
2219 2.7770264e-7
2220 1.5858456e-7
2221 2.583506e-7
2222 2.184447e-7
2223 2.2970409e-7
2224 2.487105e-7
2225 2.7693855e-7
2226 2.0422324e-7
2227 2.5570696e-7
2228 2.150044e-7
2229 1.8673883e-7
2230 1.7770304e-7
2231 2.052611e-7
2232 1.03360065e-7
2233 2.041906e-7
2234 1.7713252e-7
2235 1.8619502e-7
2236 2.1332113e-7
2237 2.5368456e-7
2238 2.0154738e-7
2239 2.7363555e-7
2240 2.4386048e-7
2241 2.2724744e-7
2242 2.1637084e-7
2243 2.55519e-7
2244 1.5630934e-7
2245 2.7127209e-7
2246 2.3863367e-7
2247 2.5300082e-7
2248 2.555168e-7
2249 3.007738e-7
2250 2.2884647e-7
2251 2.901682e-7
2252 2.4156964e-7
2253 2.3283867e-7
2254 2.0880297e-7
2255 2.4321312e-7
2256 1.3664793e-7
2257 2.2758694e-7
2258 1.8073764e-7
2259 1.9125223e-7
2260 2.0471268e-7
2261 2.3755067e-7
2262 1.722501e-7
2263 2.3225442e-7
2264 1.9438781e-7
2265 1.7551703e-7
2266 1.7089114e-7
2267 1.9530151e-7
2268 8.808888e-8
2269 1.9160603e-7
2270 1.6323291e-7
2271 1.6620116e-7
2272 1.8385815e-7
2273 2.2250886e-7
2274 1.6351783e-7
2275 2.2763633e-7
2276 1.9126325e-7
2277 1.7378832e-7
2278 1.5832644e-7
2279 2.0099135e-7
2280 1.1262044e-7
2281 2.1492026e-7
2282 1.812921e-7
2283 2.0386722e-7
2284 2.1204832e-7
2285 2.5464513e-7
2286 1.9010719e-7
2287 2.515852e-7
2288 2.0480614e-7
2289 2.024385e-7
2290 1.8765091e-7
2291 2.2001697e-7
2292 1.0865072e-7
2293 2.0247755e-7
2294 1.6135091e-7
2295 1.6705128e-7
2296 1.7808738e-7
2297 2.1037553e-7
2298 1.3985041e-7
2299 1.8807556e-7
2300 1.5051153e-7
2301 1.2437208e-7
2302 1.1482975e-7
2303 1.3466759e-7
2304 3.7176108e-8
2305 1.3765131e-7
2306 1.15156666e-7
2307 1.2404247e-7
2308 1.5038326e-7
2309 1.894854e-7
2310 1.4066285e-7
2311 2.077814e-7
2312 1.7862907e-7
2313 1.662212e-7
2314 1.5839798e-7
2315 1.9865976e-7
2316 1.0705353e-7
2317 2.1522878e-7
2318 1.8398046e-7
2319 1.9566205e-7
2320 1.9982534e-7
2321 2.4351755e-7
2322 1.8125067e-7
2323 2.4244355e-7
2324 2.019335e-7
2325 1.929271e-7
2326 1.7086079e-7
2327 2.02005e-7
2328 1.05648894e-7
2329 1.8730918e-7
2330 1.4486632e-7
2331 1.5801355e-7
2332 1.7453549e-7
2333 2.0936986e-7
2334 1.4766407e-7
2335 2.018883e-7
2336 1.6745534e-7
2337 1.4742658e-7
2338 1.4294156e-7
2339 1.6891553e-7
2340 7.2636155e-8
2341 1.7211758e-7
2342 1.4921685e-7
2343 1.5070749e-7
2344 1.6870945e-7
2345 2.0145268e-7
2346 1.4317011e-7
2347 2.0241488e-7
2348 1.7154164e-7
2349 1.5885001e-7
2350 1.4747377e-7
2351 1.9004283e-7
2352 1.0689349e-7
2353 2.0132643e-7
2354 1.6881266e-7
2355 1.8985018e-7
2356 1.9758512e-7
2357 2.406029e-7
2358 1.839923e-7
2359 2.455846e-7
2360 2.064077e-7
2361 2.0196437e-7
2362 1.8667734e-7
2363 2.1711142e-7
2364 1.12254845e-7
2365 1.9996479e-7
2366 1.6439456e-7
2367 1.7613036e-7
2368 1.9072041e-7
2369 2.1480156e-7
2370 1.479754e-7
2371 1.9308334e-7
2372 1.5663295e-7
2373 1.3217935e-7
2374 1.2327999e-7
2375 1.492941e-7
2376 6.1281796e-8
2377 1.4951395e-7
2378 1.2317456e-7
2379 1.319667e-7
2380 1.5631208e-7
2381 1.9236009e-7
2382 1.469125e-7
2383 2.1226934e-7
2384 1.886639e-7
2385 1.7288885e-7
2386 1.6058341e-7
2387 1.9529695e-7
2388 1.0892539e-7
2389 2.1048665e-7
2390 1.8216114e-7
2391 1.9596466e-7
2392 1.99981e-7
2393 2.3884286e-7
2394 1.782354e-7
2395 2.330163e-7
2396 1.9119e-7
2397 1.8326608e-7
2398 1.6168195e-7
2399 1.9333415e-7
2400 1.0233672e-7
2401 1.8089635e-7
2402 1.4130698e-7
2403 1.5180355e-7
2404 1.642379e-7
2405 1.9332018e-7
2406 1.3641937e-7
2407 1.9084928e-7
2408 1.6035924e-7
2409 1.4318762e-7
2410 1.4189985e-7
2411 1.6357967e-7
2412 6.922164e-8
2413 1.5933799e-7
2414 1.3434978e-7
2415 1.3917864e-7
2416 1.5726937e-7
2417 1.9015168e-7
2418 1.4034056e-7
2419 1.9741361e-7
2420 1.6527693e-7
2421 1.489656e-7
2422 1.3634478e-7
2423 1.7488306e-7
2424 9.956441e-8
2425 1.8870195e-7
2426 1.600464e-7
2427 1.799586e-7
2428 1.8695852e-7
2429 2.245801e-7
2430 1.6804852e-7
2431 2.2411263e-7
2432 1.8466956e-7
2433 1.8107077e-7
2434 1.7036298e-7
2435 1.9901735e-7
2436 1.0012446e-7
2437 1.8219484e-7
2438 1.4666577e-7
2439 1.5263899e-7
2440 1.644496e-7
2441 1.9191468e-7
2442 1.297106e-7
2443 1.7205976e-7
2444 1.3804365e-7
2445 1.1508074e-7
2446 1.06727e-7
2447 1.2571748e-7
2448 3.689803e-8
2449 1.2440834e-7
2450 1.0600007e-7
2451 1.13348634e-7
2452 1.3589465e-7
2453 1.6968735e-7
2454 1.2670525e-7
2455 1.8742598e-7
2456 1.5995786e-7
2457 1.499217e-7
2458 1.4349293e-7
2459 1.7963049e-7
2460 9.760774e-8
2461 1.9398325e-7
2462 1.6624642e-7
2463 1.7756565e-7
2464 1.8003072e-7
2465 2.2079857e-7
2466 1.6541064e-7
2467 2.1964524e-7
2468 1.8291306e-7
2469 1.7529769e-7
2470 1.557495e-7
2471 1.8472892e-7
2472 9.6736976e-8
2473 1.7175005e-7
2474 1.355256e-7
2475 1.4786755e-7
2476 1.6290853e-7
2477 1.9391986e-7
2478 1.3903423e-7
2479 1.8760745e-7
2480 1.555626e-7
2481 1.3933467e-7
2482 1.3581503e-7
2483 1.5970215e-7
2484 7.352646e-8
2485 1.6326898e-7
2486 1.4341839e-7
2487 1.4606262e-7
2488 1.6055067e-7
2489 1.9258427e-7
2490 1.4282956e-7
2491 1.9650845e-7
2492 1.6923686e-7
2493 1.578699e-7
2494 1.4804793e-7
2495 1.8586697e-7
2496 1.10850756e-7
2497 1.9692754e-7
2498 1.6938762e-7
2499 1.8808518e-7
2500 1.9518374e-7
2501 2.3391397e-7
2502 1.8323355e-7
2503 2.3899887e-7
2504 2.0347113e-7
2505 2.0170822e-7
2506 1.9019625e-7
2507 2.1674515e-7
2508 1.2339149e-7
2509 2.0174801e-7
2510 1.705428e-7
2511 1.7886703e-7
2512 1.9183354e-7
2513 2.157921e-7
2514 1.5754657e-7
2515 1.9860397e-7
2516 1.6698739e-7
2517 1.4487449e-7
2518 1.3777655e-7
2519 1.5866284e-7
2520 8.0411816e-8
2521 1.6091558e-7
2522 1.3873522e-7
2523 1.4558765e-7
2524 1.6688458e-7
2525 1.991948e-7
2526 1.5833936e-7
2527 2.1419422e-7
2528 1.9186855e-7
2529 1.7729236e-7
2530 1.6857086e-7
2531 1.992521e-7
2532 1.2215926e-7
2533 2.1207715e-7
2534 1.863629e-7
2535 1.9628514e-7
2536 1.9951523e-7
2537 2.3274518e-7
2538 1.7601852e-7
2539 2.2408386e-7
2540 1.8637846e-7
2541 1.7899588e-7
2542 1.6086823e-7
2543 1.8658251e-7
2544 1.0423009e-7
2545 1.7291083e-7
2546 1.3512222e-7
2547 1.4320884e-7
2548 1.5389311e-7
2549 1.7907745e-7
2550 1.2820935e-7
2551 1.744497e-7
2552 1.454991e-7
2553 1.2850076e-7
2554 1.2450535e-7
2555 1.433872e-7
2556 5.9510832e-8
2557 1.401699e-7
2558 1.17654416e-7
2559 1.1921148e-7
2560 1.3376385e-7
2561 1.6083268e-7
2562 1.140708e-7
2563 1.638948e-7
2564 1.3490971e-7
2565 1.2048328e-7
2566 1.0840859e-7
2567 1.413306e-7
2568 7.235095e-8
2569 1.5014646e-7
2570 1.2214699e-7
2571 1.4062243e-7
2572 1.4661994e-7
2573 1.7939719e-7
2574 1.2846465e-7
2575 1.763126e-7
2576 1.3955871e-7
2577 1.3501898e-7
2578 1.2239008e-7
2579 1.4781381e-7
2580 6.0041245e-8
2581 1.3308868e-7
2582 1.0053861e-7
2583 1.0745602e-7
2584 1.16554155e-7
2585 1.3923645e-7
2586 8.246414e-8
2587 1.2084143e-7
2588 9.018259e-8
2589 6.958032e-8
2590 6.138564e-8
2591 7.94604e-8
2592 2.2318511e-9
2593 7.945097e-8
2594 6.117001e-8
2595 6.918673e-8
2596 8.985246e-8
2597 1.2010702e-7
2598 8.196898e-8
2599 1.3770459e-7
2600 1.1522881e-7
2601 1.0622824e-7
2602 9.9042865e-8
2603 1.3165794e-7
2604 5.8898607e-8
2605 1.4421347e-7
2606 1.1978092e-7
2607 1.3233335e-7
2608 1.3641086e-7
2609 1.7198846e-7
2610 1.246483e-7
2611 1.7377802e-7
2612 1.4172157e-7
2613 1.3496481e-7
2614 1.178415e-7
2615 1.4512635e-7
2616 6.9182605e-8
2617 1.3544381e-7
2618 1.0424698e-7
2619 1.1568451e-7
2620 1.2904314e-7
2621 1.5672565e-7
2622 1.0875212e-7
2623 1.5429572e-7
2624 1.279933e-7
2625 1.12786225e-7
2626 1.119631e-7
2627 1.3300895e-7
2628 5.6529032e-8
2629 1.3576982e-7
2630 1.17989714e-7
2631 1.2154783e-7
2632 1.3695302e-7
2633 1.6427819e-7
2634 1.2071011e-7
2635 1.6853805e-7
2636 1.4452854e-7
2637 1.3423858e-7
2638 1.2619576e-7
2639 1.6140781e-7
2640 9.6841205e-8
2641 1.7297127e-7
2642 1.4933822e-7
2643 1.6568372e-7
2644 1.7217876e-7
2645 2.0653772e-7
2646 1.6213662e-7
2647 2.1332987e-7
2648 1.834601e-7
2649 1.8023523e-7
2650 1.7078143e-7
2651 1.9465548e-7
2652 1.11645974e-7
2653 1.8139444e-7
2654 1.5336217e-7
2655 1.6075441e-7
2656 1.7356508e-7
2657 1.9371639e-7
2658 1.4267334e-7
2659 1.7876064e-7
2660 1.5004423e-7
2661 1.3060941e-7
2662 1.2440748e-7
2663 1.4355847e-7
2664 7.199867e-8
2665 1.4240807e-7
2666 1.2321117e-7
2667 1.2952745e-7
2668 1.488564e-7
2669 1.7717186e-7
2670 1.4026986e-7
2671 1.9095494e-7
2672 1.7002021e-7
2673 1.5816282e-7
2674 1.5029843e-7
2675 1.7780856e-7
2676 1.0837544e-7
2677 1.8936478e-7
2678 1.666207e-7
2679 1.7628126e-7
2680 1.7797885e-7
2681 2.0987186e-7
2682 1.5984547e-7
2683 2.0324083e-7
2684 1.6933764e-7
2685 1.6306495e-7
2686 1.46049e-7
2687 1.7021755e-7
2688 9.5624316e-8
2689 1.5966025e-7
2690 1.2731138e-7
2691 1.3510196e-7
2692 1.4481003e-7
2693 1.6798943e-7
2694 1.2200992e-7
2695 1.6392386e-7
2696 1.3687036e-7
2697 1.2429511e-7
2698 1.21193e-7
2699 1.3871889e-7
2700 6.25511e-8
2701 1.3551453e-7
2702 1.1541766e-7
2703 1.1822055e-7
2704 1.3106703e-7
2705 1.5808467e-7
2706 1.1739824e-7
2707 1.6277106e-7
2708 1.3709466e-7
2709 1.242748e-7
2710 1.13386214e-7
2711 1.4318286e-7
2712 8.101778e-8
2713 1.5366247e-7
2714 1.2983291e-7
2715 1.4585395e-7
2716 1.513761e-7
2717 1.816197e-7
2718 1.3643536e-7
2719 1.803292e-7
2720 1.4729886e-7
2721 1.4559473e-7
2722 1.3588767e-7
2723 1.5898091e-7
2724 7.9618374e-8
2725 1.4557456e-7
2726 1.1674027e-7
2727 1.21416e-7
2728 1.2956488e-7
2729 1.5255237e-7
2730 1.0241997e-7
2731 1.3685721e-7
2732 1.09825955e-7
2733 9.147529e-8
2734 8.533186e-8
2735 9.939867e-8
2736 2.9836254e-8
2737 1.0110224e-7
2738 8.517412e-8
2739 9.156731e-8
2740 1.09655566e-7
2741 1.3719597e-7
2742 1.0289005e-7
2743 1.5126435e-7
2744 1.3007174e-7
2745 1.2089899e-7
2746 1.155516e-7
2747 1.4395549e-7
2748 7.88702e-8
2749 1.556673e-7
2750 1.3356903e-7
2751 1.4144807e-7
2752 1.4408013e-7
2753 1.7509072e-7
2754 1.30651e-7
2755 1.742597e-7
2756 1.451445e-7
2757 1.3888688e-7
2758 1.2377586e-7
2759 1.459718e-7
2760 7.704521e-8
2761 1.3510196e-7
2762 1.0506508e-7
2763 1.1468574e-7
2764 1.2670628e-7
2765 1.5136271e-7
2766 1.07481135e-7
2767 1.4590319e-7
2768 1.2095991e-7
2769 1.061623e-7
2770 1.0270075e-7
2771 1.2135848e-7
2772 5.2988515e-8
2773 1.241505e-7
2774 1.0797823e-7
2775 1.08835486e-7
2776 1.2111464e-7
2777 1.4379486e-7
2778 1.0299351e-7
2779 1.4554966e-7
2780 1.2342763e-7
2781 1.1398333e-7
2782 1.05673585e-7
2783 1.355691e-7
2784 7.644209e-8
2785 1.4354919e-7
2786 1.2005624e-7
2787 1.3583792e-7
2788 1.416832e-7
2789 1.7216587e-7
2790 1.3152656e-7
2791 1.7535491e-7
2792 1.4709305e-7
2793 1.4405093e-7
2794 1.3370156e-7
2795 1.5505782e-7
2796 7.975427e-8
2797 1.42499e-7
2798 1.1701577e-7
2799 1.259756e-7
2800 1.367332e-7
2801 1.5351311e-7
2802 1.060723e-7
2803 1.3869405e-7
2804 1.12699524e-7
2805 9.498674e-8
2806 8.8743455e-8
2807 1.0747027e-7
2808 4.43709e-8
2809 1.07575694e-7
2810 8.887003e-8
2811 9.526599e-8
2812 1.1229468e-7
2813 1.382057e-7
2814 1.0587082e-7
2815 1.5310661e-7
2816 1.3582758e-7
2817 1.2476674e-7
2818 1.1658636e-7
2819 1.4166628e-7
2820 7.9435985e-8
2821 1.5188371e-7
2822 1.3144239e-7
2823 1.4199617e-7
2824 1.4505825e-7
2825 1.7279311e-7
2826 1.2878147e-7
2827 1.6818413e-7
2828 1.3771465e-7
2829 1.3210396e-7
2830 1.1735523e-7
2831 1.401395e-7
2832 7.429883e-8
2833 1.3101157e-7
2834 1.02346995e-7
2835 1.09646045e-7
2836 1.1827319e-7
2837 1.3909111e-7
2838 9.845479e-8
2839 1.3813441e-7
2840 1.1589889e-7
2841 1.0290548e-7
2842 1.0173413e-7
2843 1.1752274e-7
2844 4.9813394e-8
2845 1.1481331e-7
2846 9.683077e-8
2847 1.0014004e-7
2848 1.1272555e-7
2849 1.3611309e-7
2850 1.00051764e-7
2851 1.4121584e-7
2852 1.1806748e-7
2853 1.0641138e-7
2854 9.765704e-8
2855 1.257469e-7
2856 7.130455e-8
2857 1.3512067e-7
2858 1.1455491e-7
2859 1.2928392e-7
2860 1.3448873e-7
2861 1.6130981e-7
2862 1.205179e-7
2863 1.6087357e-7
2864 1.3200943e-7
2865 1.292426e-7
2866 1.2118419e-7
2867 1.4159774e-7
2868 7.059488e-8
2869 1.2989592e-7
2870 1.0402701e-7
2871 1.082068e-7
2872 1.1658228e-7
2873 1.3581773e-7
2874 9.152777e-8
2875 1.2232066e-7
2876 9.7661676e-8
2877 8.088426e-8
2878 7.495825e-8
2879 8.863787e-8
2880 2.4666498e-8
2881 8.7711186e-8
2882 7.427531e-8
2883 8.01127e-8
2884 9.6834334e-8
2885 1.2099223e-7
2886 8.9977746e-8
2887 1.3372964e-7
2888 1.1384905e-7
2889 1.0681237e-7
2890 1.02414845e-7
2891 1.2850806e-7
2892 6.908819e-8
2893 1.3844735e-7
2894 1.1840564e-7
2895 1.2727702e-7
2896 1.2909321e-7
2897 1.5861399e-7
2898 1.1891082e-7
2899 1.5853855e-7
2900 1.3209214e-7
2901 1.2651675e-7
2902 1.1214419e-7
2903 1.3315864e-7
2904 6.9889964e-8
2905 1.2436708e-7
2906 9.801013e-8
2907 1.06837554e-7
2908 1.1729994e-7
2909 1.3970522e-7
2910 9.9961575e-8
2911 1.357726e-7
2912 1.1261149e-7
2913 1.0129981e-7
2914 9.9114914e-8
2915 1.16531396e-7
2916 5.3921816e-8
2917 1.18937585e-7
2918 1.0466155e-7
2919 1.0682703e-7
2920 1.1772966e-7
2921 1.4095735e-7
2922 1.04311376e-7
2923 1.430892e-7
2924 1.2324398e-7
2925 1.1516632e-7
2926 1.08247406e-7
2927 1.36061e-7
2928 8.157092e-8
2929 1.4447835e-7
2930 1.2456555e-7
2931 1.3802003e-7
2932 1.4307535e-7
2933 1.7133308e-7
2934 1.3488541e-7
2935 1.7561626e-7
2936 1.4990066e-7
2937 1.4862368e-7
2938 1.3980612e-7
2939 1.5948561e-7
2940 9.170018e-8
2941 1.4893699e-7
2942 1.261976e-7
2943 1.3205825e-7
2944 1.413214e-7
2945 1.5873799e-7
2946 1.16618374e-7
2947 1.4628324e-7
2948 1.2311511e-7
2949 1.07203306e-7
2950 1.0209844e-7
2951 1.1698108e-7
2952 5.968953e-8
2953 1.1818441e-7
2954 1.0156276e-7
2955 1.0691332e-7
2956 1.2280807e-7
2957 1.4616424e-7
2958 1.1643166e-7
2959 1.5715999e-7
2960 1.4094891e-7
2961 1.3006189e-7
2962 1.2338326e-7
2963 1.4561601e-7
2964 8.9602075e-8
2965 1.5557687e-7
2966 1.3698148e-7
2967 1.4378004e-7
2968 1.4584101e-7
2969 1.7000303e-7
2970 1.2922499e-7
2971 1.6452874e-7
2972 1.3698659e-7
2973 1.3151043e-7
2974 1.17858185e-7
2975 1.3655911e-7
2976 7.713195e-8
2977 1.2701098e-7
2978 9.9755404e-8
2979 1.0605445e-7
2980 1.13951906e-7
2981 1.3262381e-7
2982 9.537512e-8
2983 1.2892822e-7
2984 1.0782783e-7
2985 9.60817e-8
2986 9.3290645e-8
2987 1.07054284e-7
2988 4.54073e-8
2989 1.04053875e-7
2990 8.748929e-8
2991 8.8885244e-8
2992 9.976308e-8
2993 1.1956593e-7
2994 8.545363e-8
2995 1.221237e-7
2996 1.0081232e-7
2997 9.016545e-8
2998 8.11301e-8
2999 1.05221034e-7
3000 5.5076754e-8
3001 1.1245643e-7
3002 9.2104585e-8
3003 1.05422394e-7
3004 1.0982786e-7
3005 1.341153e-7
3006 9.7101896e-8
3007 1.320437e-7
3008 1.0532592e-7
3009 1.02398104e-7
3010 9.334264e-8
3011 1.1229085e-7
3012 4.7562907e-8
3013 1.01235266e-7
3014 7.749255e-8
3015 8.285494e-8
3016 8.971673e-8
3017 1.06673426e-7
3018 6.471701e-8
3019 9.2385186e-8
3020 6.9818796e-8
3021 5.4946863e-8
3022 4.894814e-8
3023 6.246176e-8
3024 5.550868e-9
3025 6.258838e-8
3026 4.907732e-8
3027 5.482393e-8
3028 6.970186e-8
3029 9.2272174e-8
3030 6.4683306e-8
3031 1.0565308e-7
3032 8.912318e-8
3033 8.199361e-8
3034 7.6274986e-8
3035 9.994797e-8
3036 4.665852e-8
3037 1.0971726e-7
3038 9.17338e-8
3039 1.004568e-7
3040 1.0339769e-7
3041 1.2963334e-7
3042 9.471571e-8
3043 1.3057246e-7
3044 1.0685589e-7
3045 1.02054464e-7
3046 8.950455e-8
3047 1.0943206e-7
3048 5.3281074e-8
3049 1.0188777e-7
3050 7.8852054e-8
3051 8.74748e-8
3052 9.7433414e-8
3053 1.177977e-7
3054 8.221626e-8
3055 1.15580555e-7
3056 9.638146e-8
3057 8.491926e-8
3058 8.408392e-8
3059 9.97178e-8
3060 4.3753264e-8
3061 1.0222377e-7
3062 8.932969e-8
3063 9.1899416e-8
3064 1.0290885e-7
3065 1.2326109e-7
3066 9.121404e-8
3067 1.267143e-7
3068 1.08810404e-7
3069 1.01129544e-7
3070 9.5057146e-8
3071 1.2070532e-7
3072 7.2951295e-8
3073 1.286615e-7
3074 1.1125821e-7
3075 1.2348008e-7
3076 1.2835977e-7
3077 1.5362956e-7
3078 1.2040697e-7
3079 1.5791825e-7
3080 1.3574112e-7
3081 1.3379848e-7
3082 1.270959e-7
3083 1.4476123e-7
3084 8.310168e-8
3085 1.347547e-7
3086 1.1438389e-7
3087 1.2013626e-7
3088 1.2986821e-7
3089 1.4459025e-7
3090 1.0684922e-7
3091 1.3385215e-7
3092 1.1266744e-7
3093 9.7892126e-8
3094 9.327458e-8
3095 1.07783805e-7
3096 5.4907606e-8
3097 1.07222476e-7
3098 9.3349435e-8
3099 9.794233e-8
3100 1.11810195e-7
3101 1.3276356e-7
3102 1.05637106e-7
3103 1.4319423e-7
3104 1.2776245e-7
3105 1.1915712e-7
3106 1.13545404e-7
3107 1.3416167e-7
3108 8.225543e-8
3109 1.4220703e-7
3110 1.252834e-7
3111 1.3309288e-7
3112 1.3444709e-7
3113 1.5804525e-7
3114 1.2061284e-7
3115 1.526518e-7
3116 1.2714793e-7
3117 1.225232e-7
3118 1.10124745e-7
3119 1.2814978e-7
3120 7.230798e-8
3121 1.1982922e-7
3122 9.553615e-8
3123 1.0121885e-7
3124 1.08224704e-7
3125 1.2521882e-7
3126 9.1324075e-8
3127 1.2266833e-7
3128 1.0275077e-7
3129 9.2948056e-8
3130 9.056416e-8
3131 1.0361025e-7
3132 4.7118654e-8
3133 1.0130952e-7
3134 8.644874e-8
3135 8.8308866e-8
3136 9.7562626e-8
3137 1.177712e-7
3138 8.70725e-8
3139 1.2104007e-7
3140 1.0193844e-7
3141 9.2614556e-8
3142 8.462652e-8
3143 1.0698388e-7
3144 6.056895e-8
3145 1.1425801e-7
3146 9.654468e-8
3147 1.0851641e-7
3148 1.12703255e-7
3149 1.3510208e-7
3150 1.01211974e-7
3151 1.3378408e-7
3152 1.0903347e-7
3153 1.0761202e-7
3154 9.9939825e-8
3155 1.169841e-7
3156 5.829403e-8
3157 1.07629724e-7
3158 8.5995005e-8
3159 8.8956e-8
3160 9.4715624e-8
3161 1.1171731e-7
3162 7.4477036e-8
3163 1.0023385e-7
3164 8.0176775e-8
3165 6.637774e-8
3166 6.150826e-8
3167 7.2165044e-8
3168 2.0599478e-8
3169 7.3655784e-8
3170 6.18826e-8
3171 6.6607875e-8
3172 8.0491134e-8
3173 1.01092525e-7
3174 7.521177e-8
3175 1.1098054e-7
3176 9.540066e-8
3177 8.880803e-8
3178 8.474849e-8
3179 1.06147766e-7
3180 5.7584916e-8
3181 1.14796656e-7
3182 9.824776e-8
3183 1.0449567e-7
3184 1.0678324e-7
3185 1.3001716e-7
3186 9.6779544e-8
3187 1.2916098e-7
3188 1.07586274e-7
3189 1.02845675e-7
3190 9.121012e-8
3191 1.0792116e-7
3192 5.6500802e-8
3193 1.0002023e-7
3194 7.751178e-8
3195 8.450122e-8
3196 9.341594e-8
3197 1.1175926e-7
3198 7.910834e-8
3199 1.07919966e-7
3200 8.943294e-8
3201 7.863355e-8
3202 7.6260825e-8
3203 9.018264e-8
3204 3.8645904e-8
3205 9.181431e-8
3206 7.954273e-8
3207 8.0441296e-8
3208 9.007716e-8
3209 1.07377566e-7
3210 7.6483644e-8
3211 1.08049576e-7
3212 9.170436e-8
3213 8.4799844e-8
3214 7.864018e-8
3215 1.0133355e-7
3216 5.6871077e-8
3217 1.0729654e-7
3218 8.9863335e-8
3219 1.0115628e-7
3220 1.0537606e-7
3221 1.284422e-7
3222 9.80673e-8
3223 1.3111001e-7
3224 1.1014294e-7
3225 1.0760571e-7
3226 9.942585e-8
3227 1.1552322e-7
3228 5.9411068e-8
3229 1.0646004e-7
3230 8.7390426e-8
3231 9.363001e-8
3232 1.01479536e-7
3233 1.1448348e-7
3234 7.877901e-8
3235 1.0301158e-7
3236 8.348486e-8
3237 7.048078e-8
3238 6.580679e-8
3239 7.9699774e-8
3240 3.2318113e-8
3241 7.9693756e-8
3242 6.556877e-8
3243 7.0330444e-8
3244 8.3438344e-8
3245 1.028558e-7
3246 7.818656e-8
3247 1.1337111e-7
3248 1.0059301e-7
3249 9.220001e-8
3250 8.559164e-8
3251 1.0436129e-7
3252 5.7851125e-8
3253 1.1254353e-7
3254 9.732656e-8
3255 1.0491284e-7
3256 1.07221666e-7
3257 1.2820051e-7
3258 9.529831e-8
3259 1.249094e-7
3260 1.02354605e-7
3261 9.821058e-8
3262 8.6689774e-8
3263 1.0380801e-7
3264 5.4639234e-8
3265 9.730323e-8
3266 7.598414e-8
3267 8.15381e-8
3268 8.831056e-8
3269 1.04036246e-7
3270 7.342057e-8
3271 1.0273359e-7
3272 8.618485e-8
3273 7.6852444e-8
3274 7.5944605e-8
3275 8.7681805e-8
3276 3.6520284e-8
3277 8.553638e-8
3278 7.194969e-8
3279 7.466077e-8
3280 8.446676e-8
3281 1.02259385e-7
3282 7.548489e-8
3283 1.06306636e-7
3284 8.896053e-8
3285 8.0052416e-8
3286 7.309884e-8
3287 9.399447e-8
3288 5.3247444e-8
3289 1.01883664e-7
3290 8.6336e-8
3291 9.721936e-8
3292 1.0108571e-7
3293 1.214501e-7
3294 9.0885734e-8
3295 1.2145547e-7
3296 1.00058436e-7
3297 9.811003e-8
3298 9.236739e-8
3299 1.0790837e-7
3300 5.4040814e-8
3301 9.862331e-8
3302 7.927751e-8
3303 8.2577714e-8
3304 8.908591e-8
3305 1.0410658e-7
3306 7.0293474e-8
3307 9.341658e-8
3308 7.478715e-8
3309 6.230315e-8
3310 5.786411e-8
3311 6.816751e-8
3312 1.9747281e-8
3313 6.754215e-8
3314 5.7457278e-8
3315 6.1669006e-8
3316 7.406299e-8
3317 9.2449774e-8
3318 6.901663e-8
3319 1.0229798e-7
3320 8.7235186e-8
3321 8.184551e-8
3322 7.832352e-8
3323 9.822403e-8
3324 5.3349336e-8
3325 1.0602199e-7
3326 9.0974694e-8
3327 9.7118e-8
3328 9.851063e-8
3329 1.2081613e-7
3330 9.048821e-8
3331 1.2032248e-7
3332 1.0016224e-7
3333 9.599431e-8
3334 8.526409e-8
3335 1.0128072e-7
3336 5.3211124e-8
3337 9.453123e-8
3338 7.46722e-8
3339 8.1502385e-8
3340 8.96129e-8
3341 1.0676823e-7
3342 7.653475e-8
3343 1.0331449e-7
3344 8.569189e-8
3345 7.6815084e-8
3346 7.478208e-8
3347 8.804359e-8
3348 4.0721986e-8
3349 9.016284e-8
3350 7.931944e-8
3351 8.0674134e-8
3352 8.873265e-8
3353 1.06332465e-7
3354 7.90664e-8
3355 1.0837674e-7
3356 9.343366e-8
3357 8.7126885e-8
3358 8.153143e-8
3359 1.0246443e-7
3360 6.1293214e-8
3361 1.08882034e-7
3362 9.366451e-8
3363 1.04156776e-7
3364 1.0813819e-7
3365 1.2959809e-7
3366 1.01799465e-7
3367 1.3236108e-7
3368 1.1280983e-7
3369 1.1206664e-7
3370 1.0558455e-7
3371 1.2039428e-7
3372 6.866916e-8
3373 1.1204563e-7
3374 9.4851494e-8
3375 9.965079e-8
3376 1.0686887e-7
3377 1.2017547e-7
3378 8.801481e-8
3379 1.1080189e-7
3380 9.335701e-8
3381 8.109371e-8
3382 7.7206536e-8
3383 8.870406e-8
3384 4.5337828e-8
3385 8.9922686e-8
3386 7.755128e-8
3387 8.155971e-8
3388 9.337848e-8
3389 1.114392e-7
3390 8.8717194e-8
3391 1.1980293e-7
3392 1.0746448e-7
3393 9.931777e-8
3394 9.4451636e-8
3395 1.11507774e-7
3396 6.87019e-8
3397 1.18643975e-7
3398 1.0440237e-7
3399 1.0974072e-7
3400 1.1147809e-7
3401 1.3013609e-7
3402 9.855227e-8
3403 1.2532138e-7
3404 1.04385876e-7
3405 1.003555e-7
3406 9.020509e-8
3407 1.0472077e-7
3408 5.902357e-8
3409 9.7399464e-8
3410 7.6449e-8
3411 8.087707e-8
3412 8.673385e-8
3413 1.00939246e-7
3414 7.2444635e-8
3415 9.823346e-8
3416 8.2211294e-8
3417 7.283353e-8
3418 7.0410984e-8
3419 8.107105e-8
3420 3.4271785e-8
3421 7.9228286e-8
3422 6.676457e-8
3423 6.74723e-8
3424 7.5465785e-8
3425 9.0684765e-8
3426 6.4326045e-8
3427 9.2169515e-8
3428 7.590266e-8
3429 6.791193e-8
3430 6.095703e-8
3431 7.9423145e-8
3432 4.078334e-8
3433 8.4466876e-8
3434 6.8755014e-8
3435 7.9221316e-8
3436 8.266674e-8
3437 1.0117835e-7
3438 7.2696324e-8
3439 9.938234e-8
3440 7.881993e-8
3441 7.637969e-8
3442 6.920982e-8
3443 8.35628e-8
3444 3.419702e-8
3445 7.524398e-8
3446 5.7041305e-8
3447 6.09723e-8
3448 6.6129076e-8
3449 7.881542e-8
3450 4.697403e-8
3451 6.8354275e-8
3452 5.1210225e-8
3453 3.9668414e-8
3454 3.498087e-8
3455 4.523272e-8
3456 1.7187953e-9
3457 4.5164715e-8
3458 3.4813528e-8
3459 3.9331404e-8
3460 5.0910817e-8
3461 6.802946e-8
3462 4.66029e-8
3463 7.808041e-8
3464 6.555988e-8
3465 6.0452535e-8
3466 5.6309425e-8
3467 7.461785e-8
3468 3.361247e-8
3469 8.170238e-8
3470 6.7916275e-8
3471 7.4974494e-8
3472 7.7207666e-8
3473 9.739203e-8
3474 7.0724575e-8
3475 9.846704e-8
3476 8.040286e-8
3477 7.661387e-8
3478 6.683585e-8
3479 8.211978e-8
3480 3.928264e-8
3481 7.672234e-8
3482 5.9017818e-8
3483 6.548265e-8
3484 7.2936366e-8
3485 8.877718e-8
3486 6.151153e-8
3487 8.73347e-8
3488 7.254979e-8
3489 6.403488e-8
3490 6.3569466e-8
3491 7.553723e-8
3492 3.2287193e-8
3493 7.71131e-8
3494 6.7063915e-8
3495 6.91374e-8
3496 7.7842536e-8
3497 9.345049e-8
3498 6.859737e-8
3499 9.579126e-8
3500 8.214823e-8
3501 7.640309e-8
3502 7.19667e-8
3503 9.201644e-8
3504 5.526023e-8
3505 9.835967e-8
3506 8.495959e-8
3507 9.428959e-8
3508 9.7898656e-8
3509 1.1744116e-7
3510 9.213598e-8
3511 1.2114836e-7
3512 1.041076e-7
3513 1.023629e-7
3514 9.692846e-8
3515 1.105788e-7
3516 6.328838e-8
3517 1.0305429e-7
3518 8.709267e-8
3519 9.146205e-8
3520 9.8842335e-8
3521 1.10262384e-7
3522 8.136976e-8
3523 1.0190491e-7
3524 8.5484224e-8
3525 7.431252e-8
3526 7.0700125e-8
3527 8.169038e-8
3528 4.0823846e-8
3529 8.1046885e-8
3530 7.008438e-8
3531 7.380514e-8
3532 8.483839e-8
3533 1.009441e-7
3534 8.0098786e-8
3535 1.0896202e-7
3536 9.706918e-8
3537 9.021934e-8
3538 8.5757605e-8
3539 1.01411004e-7
3540 6.1770635e-8
3541 1.0807111e-7
3542 9.502443e-8
3543 1.0058697e-7
3544 1.0146955e-7
3545 1.1971544e-7
3546 9.1202274e-8
3547 1.16084486e-7
3548 9.6686506e-8
3549 9.307139e-8
3550 8.318364e-8
3551 9.6998e-8
3552 5.4323564e-8
3553 9.080318e-8
3554 7.216077e-8
3555 7.666627e-8
3556 8.22601e-8
3557 9.559622e-8
3558 6.933189e-8
3559 9.3319336e-8
3560 7.7863405e-8
3561 7.0674524e-8
3562 6.900409e-8
3563 7.9009816e-8
3564 3.5409148e-8
3565 7.7219866e-8
3566 6.579664e-8
3567 6.7400514e-8
3568 7.476278e-8
3569 9.035577e-8
3570 6.6815936e-8
3571 9.290352e-8
3572 7.802519e-8
3573 7.0719544e-8
3574 6.4467656e-8
3575 8.1722824e-8
3576 4.5972122e-8
3577 8.771294e-8
3578 7.411597e-8
3579 8.329958e-8
3580 8.654715e-8
3581 1.0402528e-7
3582 7.794089e-8
3583 1.03203305e-7
3584 8.4192905e-8
3585 8.328779e-8
3586 7.7644806e-8
3587 9.10576e-8
3588 4.5459455e-8
3589 8.359129e-8
3590 6.6982864e-8
3591 6.9604404e-8
3592 7.426616e-8
3593 8.756724e-8
3594 5.8672676e-8
3595 7.831631e-8
3596 6.283623e-8
3597 5.2252354e-8
3598 4.8437272e-8
3599 5.6664582e-8
3600 1.645674e-8
3601 5.7721245e-8
3602 4.857793e-8
3603 5.220259e-8
3604 6.2770226e-8
3605 7.8820015e-8
3606 5.903737e-8
3607 8.6735774e-8
3608 7.4593444e-8
3609 6.922912e-8
3610 6.599628e-8
3611 8.2444146e-8
3612 4.4881958e-8
3613 8.9523546e-8
3614 7.679091e-8
3615 8.131203e-8
3616 8.2900875e-8
3617 1.00849626e-7
3618 7.514113e-8
3619 1.0032921e-7
3620 8.350105e-8
3621 7.991817e-8
3622 7.1089076e-8
3623 8.3902336e-8
3624 4.3952497e-8
3625 7.745108e-8
3626 6.0088446e-8
3627 6.569856e-8
3628 7.278117e-8
3629 8.7114316e-8
3630 6.164926e-8
3631 8.3911445e-8
3632 6.9536014e-8
3633 6.101897e-8
3634 5.9021893e-8
3635 6.986615e-8
3636 3.0125445e-8
3637 7.1480045e-8
3638 6.211499e-8
3639 6.272487e-8
3640 6.987979e-8
3641 8.3223725e-8
3642 5.944525e-8
3643 8.41181e-8
3644 7.129121e-8
3645 6.590634e-8
3646 6.108808e-8
3647 7.8593104e-8
3648 4.417886e-8
3649 8.3197406e-8
3650 6.975517e-8
3651 7.873116e-8
3652 8.214943e-8
3653 9.9876665e-8
3654 7.613119e-8
3655 1.0171777e-7
3656 8.5301686e-8
3657 8.355792e-8
3658 7.7401076e-8
3659 9.0048026e-8
3660 4.6254343e-8
3661 8.289097e-8
3662 6.8221425e-8
3663 7.337102e-8
3664 7.961284e-8
3665 8.948378e-8
3666 6.1687295e-8
3667 8.076451e-8
3668 6.56106e-8
3669 5.5275944e-8
3670 5.1482598e-8
3671 6.251466e-8
3672 2.5780844e-8
3673 6.281294e-8
3674 5.1861257e-8
3675 5.5592086e-8
3676 6.5566645e-8
3677 8.0736946e-8
3678 6.193685e-8
3679 8.9420304e-8
3680 7.94493e-8
3681 7.30597e-8
3682 6.816092e-8
3683 8.291683e-8
3684 4.6427072e-8
3685 8.890059e-8
3686 7.698871e-8
3687 8.3328224e-8
3688 8.516146e-8
3689 1.0154189e-7
3690 7.583487e-8
3691 9.8802445e-8
3692 8.0957264e-8
3693 7.775151e-8
3694 6.898809e-8
3695 8.238844e-8
3696 4.3734754e-8
3697 7.696323e-8
3698 6.013602e-8
3699 6.450773e-8
3700 6.966174e-8
3701 8.1829434e-8
3702 5.799792e-8
3703 8.127711e-8
3704 6.838302e-8
3705 6.083737e-8
3706 6.015683e-8
3707 6.9485694e-8
3708 2.9779512e-8
3709 6.807468e-8
3710 5.7557067e-8
3711 5.9581915e-8
3712 6.697944e-8
3713 8.094233e-8
3714 5.9797465e-8
3715 8.400154e-8
3716 7.047731e-8
3717 6.364366e-8
3718 5.8407814e-8
3719 7.488208e-8
3720 4.2909477e-8
3721 8.047793e-8
3722 6.828274e-8
3723 7.692632e-8
3724 7.990762e-8
3725 9.578837e-8
3726 7.175775e-8
3727 9.5621814e-8
3728 7.869524e-8
3729 7.702158e-8
3730 7.222091e-8
3731 8.4409216e-8
3732 4.2597776e-8
3733 7.7640166e-8
3734 6.2432136e-8
3735 6.480267e-8
3736 6.97286e-8
3737 8.125805e-8
3738 5.492555e-8
3739 7.3136256e-8
3740 5.858385e-8
3741 4.8710557e-8
3742 4.506743e-8
3743 5.324703e-8
3744 1.5466439e-8
3745 5.2713837e-8
3746 4.476648e-8
3747 4.810295e-8
3748 5.7982337e-8
3749 7.237794e-8
3750 5.3866533e-8
3751 7.96805e-8
3752 6.801967e-8
3753 6.400791e-8
3754 6.136383e-8
3755 7.6966444e-8
3756 4.1633918e-8
3757 8.280584e-8
3758 7.093489e-8
3759 7.631745e-8
3760 7.739899e-8
3761 9.501771e-8
3762 7.146218e-8
3763 9.480267e-8
3764 7.9131624e-8
3765 7.579089e-8
3766 6.719451e-8
3767 7.974251e-8
3768 4.2101675e-8
3769 7.4482855e-8
3770 5.8880634e-8
3771 6.4209026e-8
3772 7.053327e-8
3773 8.385393e-8
3774 6.0278126e-8
3775 8.13776e-8
3776 6.765934e-8
3777 6.0873525e-8
3778 5.945648e-8
3779 6.986536e-8
3780 3.251368e-8
3781 7.121268e-8
3782 6.262806e-8
3783 6.38584e-8
3784 7.03274e-8
3785 8.424417e-8
3786 6.247947e-8
3787 8.563363e-8
3788 7.3973986e-8
3789 6.914712e-8
3790 6.5018185e-8
3791 8.154903e-8
3792 4.9085557e-8
3793 8.6611756e-8
3794 7.4746524e-8
3795 8.273347e-8
3796 8.571268e-8
3797 1.0266453e-7
3798 8.089818e-8
3799 1.0524665e-7
3800 8.9962946e-8
3801 8.90925e-8
3802 8.379333e-8
3803 9.545501e-8
3804 5.500762e-8
3805 8.9174854e-8
3806 7.5562504e-8
3807 7.906488e-8
3808 8.463424e-8
3809 9.504417e-8
3810 6.9664125e-8
3811 8.731855e-8
3812 7.359835e-8
3813 6.417988e-8
3814 6.1154296e-8
3815 7.013588e-8
3816 3.587664e-8
3817 7.091057e-8
3818 6.106424e-8
3819 6.414869e-8
3820 7.370744e-8
3821 8.7741455e-8
3822 6.974542e-8
3823 9.407683e-8
3824 8.4383416e-8
3825 7.7902165e-8
3826 7.388024e-8
3827 8.714501e-8
3828 5.3631e-8
3829 9.3139626e-8
3830 8.204054e-8
3831 8.6108045e-8
3832 8.743343e-8
3833 1.0203599e-7
3834 7.7407506e-8
3835 9.8579974e-8
3836 8.2118184e-8
3837 7.8861504e-8
3838 7.070019e-8
3839 8.1985036e-8
3840 4.6149342e-8
3841 7.6271476e-8
3842 5.9948555e-8
3843 6.3726795e-8
3844 6.853382e-8
3845 7.972298e-8
3846 5.7364208e-8
3847 7.7525065e-8
3848 6.47882e-8
3849 5.7581655e-8
3850 5.579724e-8
3851 6.4141936e-8
3852 2.6979865e-8
3853 6.240106e-8
3854 5.2419747e-8
3855 5.323344e-8
3856 5.983907e-8
3857 7.17134e-8
3858 5.1250723e-8
3859 7.3266285e-8
3860 6.052852e-8
3861 5.4041426e-8
3862 4.8682473e-8
3863 6.304756e-8
3864 3.2808813e-8
3865 6.738381e-8
3866 5.5090204e-8
3867 6.307663e-8
3868 6.5716605e-8
3869 8.033798e-8
3870 5.7959355e-8
3871 7.919842e-8
3872 6.307479e-8
3873 6.1281945e-8
3874 5.597413e-8
3875 6.738394e-8
3876 2.8187305e-8
3877 6.047076e-8
3878 4.6229633e-8
3879 4.9480573e-8
3880 5.378365e-8
3881 6.401362e-8
3882 3.8705004e-8
3883 5.5537186e-8
3884 4.1830276e-8
3885 3.2767602e-8
3886 2.9268882e-8
3887 3.73752e-8
3888 2.9194052e-9
3889 3.7412978e-8
3890 2.919441e-8
3891 3.2672727e-8
3892 4.166964e-8
3893 5.5268345e-8
3894 3.848623e-8
3895 6.339212e-8
3896 5.3271865e-8
3897 4.9066223e-8
3898 4.5744407e-8
3899 6.019059e-8
3900 2.7864028e-8
3901 6.602489e-8
3902 5.5244232e-8
3903 6.050616e-8
3904 6.2297495e-8
3905 7.8162955e-8
3906 5.699865e-8
3907 7.887742e-8
3908 6.44056e-8
3909 6.1479206e-8
3910 5.3958676e-8
3911 6.611189e-8
3912 3.2073718e-8
3913 6.164816e-8
3914 4.767922e-8
3915 5.2882662e-8
3916 5.894019e-8
3917 7.132267e-8
3918 4.9835524e-8
3919 7.008728e-8
3920 5.8435745e-8
3921 5.137443e-8
3922 5.0822315e-8
3923 6.036179e-8
3924 2.6268337e-8
3925 6.1908594e-8
3926 5.40547e-8
3927 5.5552178e-8
3928 6.2291136e-8
3929 7.463101e-8
3930 5.527475e-8
3931 7.678035e-8
3932 6.590481e-8
3933 6.117133e-8
3934 5.738202e-8
3935 7.3006866e-8
3936 4.408446e-8
3937 7.806754e-8
3938 6.7415925e-8
3939 7.5020466e-8
3940 7.811914e-8
3941 9.359821e-8
3942 7.347041e-8
3943 9.631612e-8
3944 8.290777e-8
3945 8.178278e-8
3946 7.7728956e-8
3947 8.848825e-8
3948 5.082893e-8
3949 8.225757e-8
3950 6.974589e-8
3951 7.3256565e-8
3952 7.926291e-8
3953 8.832154e-8
3954 6.5257474e-8
3955 8.166359e-8
3956 6.882645e-8
3957 5.986553e-8
3958 5.7063172e-8
3959 6.581819e-8
3960 3.357912e-8
3961 6.561601e-8
3962 5.7069343e-8
3963 5.992592e-8
3964 6.848875e-8
3965 8.141053e-8
3966 6.4783684e-8
3967 8.781377e-8
3968 7.8400255e-8
3969 7.3151334e-8
3970 6.972691e-8
3971 8.240063e-8
3972 5.0722843e-8
3973 8.7415415e-8
3974 7.719802e-8
3975 8.1719065e-8
3976 8.2572306e-8
3977 9.7091736e-8
3978 7.408115e-8
3979 9.374595e-8
3980 7.818625e-8
3981 7.537499e-8
3982 6.7691396e-8
3983 7.8873896e-8
3984 4.4714216e-8
3985 7.394458e-8
3986 5.9069148e-8
3987 6.2498344e-8
3988 6.6784644e-8
3989 7.732411e-8
3990 5.6394637e-8
3991 7.561955e-8
3992 6.349378e-8
3993 5.747538e-8
3994 5.5903097e-8
3995 6.39435e-8
3996 2.9320859e-8
3997 6.2686254e-8
3998 5.3542706e-8
3999 5.459931e-8
4000 6.0317e-8
4001 7.2820484e-8
4002 5.388964e-8
4003 7.457732e-8
4004 6.2942306e-8
4005 5.7231848e-8
4006 5.2267485e-8
4007 6.609674e-8
4008 3.7459323e-8
4009 7.060268e-8
4010 5.9687885e-8
4011 6.717729e-8
4012 6.975405e-8
4013 8.363033e-8
4014 6.2812745e-8
4015 8.277136e-8
4016 6.7557934e-8
4017 6.673288e-8
4018 6.193022e-8
4019 7.247751e-8
4020 3.6219394e-8
4021 6.664405e-8
4022 5.335481e-8
4023 5.530529e-8
4024 5.8963643e-8
4025 6.9521825e-8
4026 4.653945e-8
4027 6.245548e-8
4028 5.0186514e-8
4029 4.1617948e-8
4030 3.8647624e-8
4031 4.514142e-8
4032 1.3290351e-8
4033 4.609213e-8
4034 3.875733e-8
4035 4.1673694e-8
4036 5.0218787e-8
4037 6.29911e-8
4038 4.7040754e-8
4039 6.9191884e-8
4040 5.964578e-8
4041 5.5550924e-8
4042 5.3070256e-8
4043 6.626485e-8
4044 3.6185867e-8
4045 7.160857e-8
4046 6.137552e-8
4047 6.5190775e-8
4048 6.6530724e-8
4049 8.095648e-8
4050 6.0454234e-8
4051 8.062029e-8
4052 6.728781e-8
4053 6.4347525e-8
4054 5.715521e-8
4055 6.754441e-8
4056 3.5815663e-8
4057 6.2820675e-8
4058 4.8895963e-8
4059 5.318975e-8
4060 5.868399e-8
4061 7.013592e-8
4062 4.9767372e-8
4063 6.7670136e-8
4064 5.6249498e-8
4065 4.9666436e-8
4066 4.8164814e-8
4067 5.683254e-8
4068 2.495854e-8
4069 5.7953567e-8
4070 5.04058e-8
4071 5.086978e-8
4072 5.6851782e-8
4073 6.7634424e-8
4074 4.8286847e-8
4075 6.7998485e-8
4076 5.774092e-8
4077 5.3503683e-8
4078 4.969349e-8
4079 6.378039e-8
4080 3.611495e-8
4081 6.755851e-8
4082 5.6680623e-8
4083 6.37852e-8
4084 6.641513e-8
4085 8.076874e-8
4086 6.2013285e-8
4087 8.25785e-8
4088 6.9503656e-8
4089 6.797372e-8
4090 6.288823e-8
4091 7.301029e-8
4092 3.796489e-8
4093 6.730689e-8
4094 5.538102e-8
4095 5.9345574e-8
4096 6.427185e-8
