1 0.99986297
2 0.27844945
3 0.17359282
4 0.11998351
5 0.107293226
6 0.06824757
7 0.071615644
8 0.05714995
9 0.04887043
10 0.042111166
11 0.04050096
12 0.03183693
13 0.033123232
14 0.0286573
15 0.027191823
16 0.02481832
17 0.023941703
18 0.020606892
19 0.020853773
20 0.018834257
21 0.017728945
22 0.016799057
23 0.016549503
24 0.015031458
25 0.015470235
26 0.014331693
27 0.013666342
28 0.0130570475
29 0.012934829
30 0.011804742
31 0.012002806
32 0.011365223
33 0.011013715
34 0.010580709
35 0.010587607
36 0.009869319
37 0.010029074
38 0.0095148375
39 0.009280393
40 0.009016775
41 0.008926819
42 0.008258569
43 0.008406251
44 0.007996021
45 0.0078251455
46 0.007527243
47 0.0074835923
48 0.0070593134
49 0.0072051287
50 0.00694457
51 0.00682263
52 0.006692095
53 0.0066556344
54 0.0062890085
55 0.006357452
56 0.0061660553
57 0.006065868
58 0.005941729
59 0.0059150597
60 0.0056625702
61 0.005757353
62 0.0056028888
63 0.0055242563
64 0.005392813
65 0.0053641666
66 0.0051668575
67 0.0052316505
68 0.0050897663
69 0.0049643465
70 0.0048654955
71 0.0048613218
72 0.004678568
73 0.004751551
74 0.004629726
75 0.004585137
76 0.004505316
77 0.0044913613
78 0.0043355697
79 0.004373547
80 0.004264108
81 0.0041998974
82 0.004147905
83 0.004170014
84 0.004026801
85 0.004072582
86 0.00398779
87 0.00397324
88 0.003911038
89 0.0039351336
90 0.003805134
91 0.0038501676
92 0.0037491475
93 0.0036828641
94 0.0036016232
95 0.003612119
96 0.0034949854
97 0.00350826
98 0.0034353342
99 0.0033934566
100 0.0033436862
101 0.0033077204
102 0.0031988297
103 0.0032358046
104 0.0031845453
105 0.0031826764
106 0.0031379582
107 0.0031313098
108 0.003036468
109 0.0030486141
110 0.002998266
111 0.002980451
112 0.0029408017
113 0.0029363618
114 0.0028550646
115 0.0028853228
116 0.0028445798
117 0.0028067231
118 0.0027674846
119 0.0027682849
120 0.0027047836
121 0.0027262198
122 0.0026766805
123 0.0026499415
124 0.0026107451
125 0.0026113275
126 0.0025519563
127 0.0025729036
128 0.0025188061
129 0.0024991506
130 0.0024663366
131 0.0024585382
132 0.0024017328
133 0.002420002
134 0.0023795455
135 0.0023572226
136 0.002332146
137 0.0023542233
138 0.0023062527
139 0.002323078
140 0.0022902505
141 0.0022746727
142 0.0022566011
143 0.0022606351
144 0.002214274
145 0.0022318705
146 0.0022080808
147 0.002201444
148 0.0021789419
149 0.002177859
150 0.0021409628
151 0.0021554905
152 0.0021325157
153 0.002130842
154 0.0021129085
155 0.0021098757
156 0.0020659608
157 0.0020800785
158 0.00205047
159 0.002049945
160 0.002033217
161 0.002027266
162 0.0019873602
163 0.0019947155
164 0.0019644669
165 0.0019466737
166 0.0019348783
167 0.0019417736
168 0.0019114707
169 0.0019331041
170 0.0019122184
171 0.001900239
172 0.0018851163
173 0.0018799467
174 0.001849292
175 0.0018569229
176 0.0018330417
177 0.0018295582
178 0.001810507
179 0.0018129337
180 0.0017903448
181 0.0017986714
182 0.0017766978
183 0.0017741348
184 0.00175744
185 0.0017618453
186 0.0017286477
187 0.0017385372
188 0.0017195275
189 0.0017092761
190 0.0017023702
191 0.0017091917
192 0.0016798167
193 0.0016842417
194 0.0016636996
195 0.0016561117
196 0.0016464537
197 0.0016455301
198 0.0016188135
199 0.0016287877
200 0.001612414
201 0.0016083469
202 0.0015933035
203 0.0015903615
204 0.0015680369
205 0.0015714763
206 0.0015596108
207 0.0015527491
208 0.0015399943
209 0.0015408278
210 0.0015204041
211 0.0015276667
212 0.0015136562
213 0.0015021955
214 0.0014914275
215 0.001493174
216 0.0014737386
217 0.0014847876
218 0.0014719776
219 0.0014681646
220 0.0014612168
221 0.0014611223
222 0.001439335
223 0.0014506278
224 0.0014373242
225 0.0014282187
226 0.001421877
227 0.001422694
228 0.0013998694
229 0.001403445
230 0.0013928068
231 0.001389321
232 0.0013782626
233 0.0013848506
234 0.0013677462
235 0.0013732082
236 0.0013580411
237 0.0013485122
238 0.001339586
239 0.0013400491
240 0.0013234826
241 0.0013250432
242 0.0013128805
243 0.0013057488
244 0.0012982648
245 0.0012984881
246 0.0012852368
247 0.0012907746
248 0.0012813036
249 0.0012760079
250 0.0012714695
251 0.0012711951
252 0.001256398
253 0.001260613
254 0.0012528725
255 0.0012513323
256 0.0012402269
257 0.0012400872
258 0.0012257239
259 0.0012293992
260 0.0012208885
261 0.0012105062
262 0.0012022852
263 0.0012013091
264 0.0011919223
265 0.0011977243
266 0.0011873906
267 0.0011819944
268 0.0011770604
269 0.0011722657
270 0.0011561526
271 0.0011608213
272 0.0011530273
273 0.0011537924
274 0.0011503353
275 0.0011556762
276 0.0011465765
277 0.001149419
278 0.0011418754
279 0.0011399079
280 0.001133728
281 0.0011371807
282 0.0011230123
283 0.0011260554
284 0.0011178692
285 0.0011143195
286 0.0011096273
287 0.0011118759
288 0.0010984475
289 0.0011004069
290 0.0010955711
291 0.0010927835
292 0.0010906066
293 0.0010872056
294 0.0010762641
295 0.0010781806
296 0.0010709307
297 0.0010702988
298 0.0010689902
299 0.0010691659
300 0.0010607278
301 0.001063065
302 0.0010573913
303 0.0010550207
304 0.0010520977
305 0.0010509338
306 0.0010401856
307 0.0010460137
308 0.0010376071
309 0.0010335101
310 0.0010283384
311 0.0010286785
312 0.0010192703
313 0.0010229229
314 0.0010185522
315 0.0010136821
316 0.0010074492
317 0.001006339
318 0.0009969557
319 0.0009983638
320 0.0009889399
321 0.0009861102
322 0.0009804103
323 0.0009794976
324 0.0009715731
325 0.0009744546
326 0.00096845464
327 0.0009668103
328 0.0009654518
329 0.0009679765
330 0.0009592847
331 0.00096153165
332 0.00095799356
333 0.0009517916
334 0.0009487957
335 0.0009507896
336 0.0009432695
337 0.0009432444
338 0.00093706796
339 0.00093732483
340 0.0009316324
341 0.0009301379
342 0.00092273665
343 0.00092555856
344 0.0009220708
345 0.0009209654
346 0.00091867684
347 0.0009164304
348 0.0009073322
349 0.00091082114
350 0.00090592937
351 0.00090352545
352 0.00089999137
353 0.0008986158
354 0.0008924611
355 0.00089462416
356 0.00088992744
357 0.000886589
358 0.0008831276
359 0.0008830748
360 0.0008748066
361 0.0008789613
362 0.00087575417
363 0.0008734981
364 0.00086914643
365 0.00086793216
366 0.00086178427
367 0.0008631309
368 0.0008590518
369 0.00085581286
370 0.0008534059
371 0.00085604074
372 0.0008483051
373 0.0008496336
374 0.00084631395
375 0.000845526
376 0.00084166846
377 0.0008408392
378 0.0008336177
379 0.00083587604
380 0.00083035685
381 0.00082949497
382 0.0008278127
383 0.00082933344
384 0.00082310213
385 0.0008252959
386 0.0008190563
387 0.0008166763
388 0.0008141702
389 0.00081240694
390 0.000806167
391 0.00080811005
392 0.00080533576
393 0.0008036264
394 0.0008008347
395 0.0007994388
396 0.0007941313
397 0.0007944396
398 0.0007914308
399 0.0007903891
400 0.0007894174
401 0.0007900956
402 0.00078424613
403 0.0007859582
404 0.0007814278
405 0.00077861734
406 0.00077672116
407 0.0007782934
408 0.00077403034
409 0.00077737996
410 0.000776168
411 0.00077518914
412 0.0007741722
413 0.0007763619
414 0.00077143084
415 0.00077533326
416 0.0007711685
417 0.0007687133
418 0.0007656681
419 0.0007643692
420 0.0007605044
421 0.000763147
422 0.0007599999
423 0.0007568997
424 0.0007547793
425 0.00075767556
426 0.00075282325
427 0.00075471844
428 0.00075122406
429 0.00074833643
430 0.00074558274
431 0.0007441667
432 0.00074004947
433 0.0007416307
434 0.00073919253
435 0.0007396361
436 0.000737228
437 0.0007381942
438 0.0007343762
439 0.0007358998
440 0.00073127233
441 0.0007305912
442 0.00072915823
443 0.0007285951
444 0.00072310114
445 0.00072509726
446 0.00072224106
447 0.00072220596
448 0.0007194215
449 0.0007193789
450 0.0007133043
451 0.0007131004
452 0.00070984295
453 0.0007061312
454 0.0007033353
455 0.00070276763
456 0.0006987217
457 0.000700812
458 0.00069768884
459 0.000696162
460 0.00069645134
461 0.0006964362
462 0.0006934967
463 0.0006960239
464 0.0006942923
465 0.0006929665
466 0.0006904003
467 0.00069076737
468 0.0006872305
469 0.00068862876
470 0.0006862817
471 0.0006857063
472 0.00068271754
473 0.0006829725
474 0.00067824434
475 0.00067900144
476 0.00067623664
477 0.000674876
478 0.00067241024
479 0.00067351345
480 0.00066956773
481 0.0006705513
482 0.00066773524
483 0.0006644135
484 0.000662948
485 0.00066292717
486 0.0006587157
487 0.0006595671
488 0.0006569946
489 0.0006575111
490 0.0006556356
491 0.0006562129
492 0.0006525362
493 0.00065378915
494 0.0006508138
495 0.0006487425
496 0.00064829236
497 0.0006485138
498 0.0006445651
499 0.0006451218
500 0.0006422768
501 0.00064075703
502 0.0006380878
503 0.00063795486
504 0.00063369796
505 0.0006354923
506 0.00063287426
507 0.0006311488
508 0.0006291768
509 0.00062945305
510 0.0006258204
511 0.00062618667
512 0.0006234693
513 0.0006222722
514 0.0006215903
515 0.00062108616
516 0.0006190479
517 0.0006207188
518 0.00061883224
519 0.00061730534
520 0.00061541895
521 0.0006156132
522 0.0006117581
523 0.0006127175
524 0.00061085523
525 0.0006085641
526 0.00060607365
527 0.0006054047
528 0.000603874
529 0.0006034416
530 0.00059986743
531 0.0005983414
532 0.00059602334
533 0.000594991
534 0.00059256004
535 0.00059321354
536 0.0005913178
537 0.00059024343
538 0.0005885856
539 0.00058772316
540 0.0005848847
541 0.00058670976
542 0.0005845292
543 0.0005851671
544 0.0005839488
545 0.0005840999
546 0.00058155705
547 0.00058105844
548 0.0005789306
549 0.0005784328
550 0.00057750155
551 0.000577218
552 0.00057457254
553 0.000575888
554 0.00057372864
555 0.0005737554
556 0.00057223
557 0.00057219586
558 0.0005690539
559 0.00056992477
560 0.0005690611
561 0.0005686537
562 0.0005671412
563 0.00056626444
564 0.0005638269
565 0.0005635973
566 0.00056113215
567 0.0005597295
568 0.0005575901
569 0.0005586456
570 0.00055636244
571 0.00055652455
572 0.00055534556
573 0.00055510877
574 0.0005547667
575 0.0005541029
576 0.0005520226
577 0.00055335823
578 0.0005511919
579 0.0005499076
580 0.0005487997
581 0.0005494573
582 0.00054616784
583 0.0005469431
584 0.0005445824
585 0.00054307614
586 0.0005417724
587 0.0005413218
588 0.00053881307
589 0.0005380969
590 0.0005354592
591 0.00053358375
592 0.00053251284
593 0.0005328939
594 0.0005299677
595 0.00053072936
596 0.000528949
597 0.00052883785
598 0.00052803097
599 0.00052949757
600 0.00052774535
601 0.0005288058
602 0.0005278315
603 0.00052677287
604 0.00052630075
605 0.0005264817
606 0.00052314927
607 0.00052418176
608 0.00052258285
609 0.0005225299
610 0.0005190932
611 0.00051830686
612 0.0005161975
613 0.0005164755
614 0.0005144116
615 0.00051317026
616 0.00051205524
617 0.00051194476
618 0.00050964626
619 0.0005098497
620 0.0005079766
621 0.0005059689
622 0.0005059772
623 0.00050560985
624 0.00050472975
625 0.00050513627
626 0.00050313066
627 0.00050308957
628 0.0005019928
629 0.0005021468
630 0.0004994831
631 0.0005007372
632 0.00049861585
633 0.0004978476
634 0.00049655465
635 0.00049568847
636 0.0004934075
637 0.00049414195
638 0.0004929229
639 0.00049181853
640 0.0004901178
641 0.00049077463
642 0.0004884878
643 0.0004884102
644 0.0004873937
645 0.000486872
646 0.00048580323
647 0.00048570952
648 0.00048362795
649 0.00048447264
650 0.0004837168
651 0.00048359417
652 0.0004841325
653 0.00048354888
654 0.00048124953
655 0.00048113154
656 0.00047991256
657 0.0004791503
658 0.00047813158
659 0.00047864974
660 0.0004762245
661 0.00047578226
662 0.00047440408
663 0.00047454072
664 0.00047204035
665 0.00047186704
666 0.0004693888
667 0.00046926684
668 0.00046755094
669 0.00046721465
670 0.00046665044
671 0.0004659328
672 0.0004640293
673 0.00046468875
674 0.0004625897
675 0.00046092496
676 0.00046045773
677 0.00046097118
678 0.00045925233
679 0.00046018083
680 0.00045933525
681 0.0004596584
682 0.0004591617
683 0.000459113
684 0.0004572057
685 0.00045731943
686 0.0004559621
687 0.0004550934
688 0.00045416414
689 0.00045417153
690 0.00045263264
691 0.0004521701
692 0.00045095177
693 0.00044988486
694 0.00044888663
695 0.0004486209
696 0.00044712523
697 0.00044750306
698 0.00044595223
699 0.00044495292
700 0.00044428863
701 0.0004439071
702 0.00044218748
703 0.0004424114
704 0.00044107888
705 0.00044102658
706 0.00044009203
707 0.0004397957
708 0.00043867694
709 0.00044045644
710 0.00043906894
711 0.0004387924
712 0.00043790977
713 0.0004377772
714 0.00043529368
715 0.00043529808
716 0.00043404472
717 0.0004324659
718 0.0004308196
719 0.000429651
720 0.00042799485
721 0.00042811982
722 0.00042665048
723 0.00042678983
724 0.0004255412
725 0.000425465
726 0.00042351996
727 0.0004237842
728 0.00042213604
729 0.0004212966
730 0.0004209543
731 0.00042110385
732 0.00041965235
733 0.0004208327
734 0.00042005366
735 0.00042016874
736 0.00041975634
737 0.0004199321
738 0.0004176878
739 0.00041768342
740 0.00041722436
741 0.0004166957
742 0.00041592424
743 0.00041600657
744 0.0004147866
745 0.00041456067
746 0.00041356427
747 0.00041315498
748 0.00041284217
749 0.00041248478
750 0.00041088136
751 0.00041054186
752 0.0004094893
753 0.0004090687
754 0.00040813957
755 0.0004080918
756 0.0004064484
757 0.00040667088
758 0.00040568813
759 0.00040552716
760 0.00040450797
761 0.00040472226
762 0.00040287353
763 0.00040312798
764 0.00040210507
765 0.00040160771
766 0.00040130698
767 0.00040112328
768 0.00039974786
769 0.0004003757
770 0.00039918677
771 0.00039886052
772 0.00039787547
773 0.00039861523
774 0.00039667237
775 0.00039660578
776 0.00039563602
777 0.00039521538
778 0.0003944181
779 0.00039447215
780 0.0003930288
781 0.00039339927
782 0.0003917991
783 0.0003908759
784 0.00039086037
785 0.0003908282
786 0.0003897274
787 0.0003897645
788 0.00038903204
789 0.00038871687
790 0.0003877446
791 0.00038810907
792 0.00038649337
793 0.00038680516
794 0.00038561792
795 0.00038543725
796 0.0003847592
797 0.00038494283
798 0.00038399483
799 0.00038375668
800 0.00038286924
801 0.00038276715
802 0.00038234942
803 0.00038188678
804 0.0003812774
805 0.0003816861
806 0.0003808108
807 0.0003801281
808 0.0003792971
809 0.0003790068
810 0.00037706323
811 0.0003775432
812 0.0003768694
813 0.0003761989
814 0.00037614378
815 0.0003755777
816 0.0003746934
817 0.00037451598
818 0.00037401318
819 0.00037349534
820 0.00037296783
821 0.00037299172
822 0.0003716917
823 0.00037167186
824 0.00037069916
825 0.0003707492
826 0.00037038402
827 0.00037007933
828 0.0003687458
829 0.00036890773
830 0.00036780266
831 0.00036733583
832 0.00036657957
833 0.00036731962
834 0.0003661312
835 0.00036597918
836 0.00036523334
837 0.00036474713
838 0.00036445772
839 0.00036471273
840 0.000363961
841 0.0003645474
842 0.00036435385
843 0.00036416133
844 0.0003640222
845 0.00036373804
846 0.00036222598
847 0.0003624668
848 0.00036184787
849 0.00036162662
850 0.00036114053
851 0.0003610534
852 0.00036002795
853 0.00035995423
854 0.00035866103
855 0.00035841198
856 0.0003576196
857 0.00035744038
858 0.00035597107
859 0.0003558678
860 0.0003547278
861 0.00035421463
862 0.0003534018
863 0.00035268787
864 0.0003514721
865 0.0003520448
866 0.00035163618
867 0.0003513118
868 0.00035085043
869 0.0003513658
870 0.00035048716
871 0.0003508601
872 0.0003502541
873 0.00034994117
874 0.00034995133
875 0.00035005732
876 0.00034865
877 0.00034869023
878 0.00034794575
879 0.00034757148
880 0.00034686713
881 0.000346659
882 0.0003457815
883 0.00034604114
884 0.00034507114
885 0.00034466764
886 0.00034386505
887 0.00034359426
888 0.00034246346
889 0.00034256716
890 0.00034170723
891 0.00034081747
892 0.0003404178
893 0.0003405104
894 0.0003398639
895 0.00033969872
896 0.0003390477
897 0.0003393502
898 0.00033858
899 0.00033851137
900 0.0003376033
901 0.00033816652
902 0.00033737667
903 0.00033697404
904 0.00033632957
905 0.00033632005
906 0.0003351701
907 0.0003354049
908 0.00033455036
909 0.00033385275
910 0.00033328272
911 0.00033284284
912 0.00033192648
913 0.00033219406
914 0.00033206775
915 0.00033175858
916 0.00033104143
917 0.00033106116
918 0.0003298315
919 0.00033026678
920 0.00032967888
921 0.00032984998
922 0.00033005912
923 0.00032998054
924 0.00032927847
925 0.00032946
926 0.00032921875
927 0.0003288225
928 0.00032854575
929 0.00032872666
930 0.00032796
931 0.00032771192
932 0.0003271346
933 0.00032727185
934 0.00032663826
935 0.0003266307
936 0.00032575702
937 0.00032607507
938 0.00032547262
939 0.0003254817
940 0.00032503047
941 0.00032465864
942 0.00032354248
943 0.000323284
944 0.00032251142
945 0.00032193816
946 0.0003216047
947 0.00032178243
948 0.00032083056
949 0.0003207375
950 0.00032013707
951 0.00031992747
952 0.00031902568
953 0.00031928904
954 0.00031866593
955 0.00031862097
956 0.0003175971
957 0.000317444
958 0.00031733792
959 0.0003169569
960 0.0003164511
961 0.0003170642
962 0.00031626117
963 0.00031588372
964 0.00031550258
965 0.000315488
966 0.00031436575
967 0.00031466509
968 0.00031426433
969 0.00031397442
970 0.00031346898
971 0.00031347692
972 0.0003123497
973 0.00031245482
974 0.0003120068
975 0.00031161838
976 0.00031152304
977 0.0003119083
978 0.0003115046
979 0.00031156573
980 0.00031117044
981 0.0003108859
982 0.00031050472
983 0.00031103147
984 0.0003100827
985 0.00031028758
986 0.0003096978
987 0.0003096729
988 0.00030956222
989 0.00030926632
990 0.0003085192
991 0.00030872785
992 0.00030787676
993 0.0003076775
994 0.00030689168
995 0.0003067348
996 0.0003060194
997 0.00030629142
998 0.00030553015
999 0.00030508463
1000 0.00030455264
1001 0.0003048195
1002 0.00030428264
1003 0.00030448983
1004 0.00030414225
1005 0.0003037392
1006 0.00030357335
1007 0.0003033118
1008 0.00030246214
1009 0.00030250498
1010 0.00030227425
1011 0.0003022105
1012 0.00030163297
1013 0.00030151283
1014 0.00030083253
1015 0.00030103023
1016 0.00030020287
1017 0.0003001119
1018 0.00029971244
1019 0.0002994572
1020 0.00029824983
1021 0.0002982417
1022 0.00029767875
1023 0.00029726344
1024 0.00029678375
1025 0.00029723078
1026 0.00029627435
1027 0.00029638404
1028 0.00029614058
1029 0.00029607638
1030 0.00029588942
1031 0.00029649297
1032 0.00029617263
1033 0.00029655514
1034 0.00029644006
1035 0.00029626075
1036 0.00029628747
1037 0.00029615994
1038 0.0002952084
1039 0.00029520888
1040 0.0002946155
1041 0.00029485466
1042 0.00029425844
1043 0.0002941993
1044 0.0002934196
1045 0.0002934609
1046 0.00029267484
1047 0.0002928269
1048 0.0002919684
1049 0.0002919689
1050 0.00029111007
1051 0.00029097707
1052 0.00029054127
1053 0.00029012503
1054 0.00029002829
1055 0.00029018737
1056 0.00028950168
1057 0.0002898872
1058 0.00028952802
1059 0.00028902353
1060 0.00028827955
1061 0.00028839675
1062 0.00028763735
1063 0.00028775385
1064 0.00028750353
1065 0.0002873587
1066 0.00028691348
1067 0.00028675585
1068 0.00028627712
1069 0.00028640986
1070 0.00028584
1071 0.00028550028
1072 0.0002851708
1073 0.000285106
1074 0.00028474996
1075 0.00028484856
1076 0.00028422667
1077 0.00028366866
1078 0.00028298507
1079 0.00028279508
1080 0.000281699
1081 0.00028187997
1082 0.00028152068
1083 0.00028122598
1084 0.0002807069
1085 0.0002808147
1086 0.00028036625
1087 0.0002801342
1088 0.00027951054
1089 0.00027968414
1090 0.00027955606
1091 0.00027957436
1092 0.00027898262
1093 0.00027936258
1094 0.0002790147
1095 0.00027919555
1096 0.0002786532
1097 0.0002788022
1098 0.00027787933
1099 0.00027810983
1100 0.00027748614
1101 0.00027700354
1102 0.00027623455
1103 0.00027598464
1104 0.00027518757
1105 0.000275035
1106 0.00027465986
1107 0.0002742245
1108 0.00027370188
1109 0.000273659
1110 0.000273031
1111 0.0002732206
1112 0.00027301774
1113 0.00027324687
1114 0.00027319026
1115 0.00027319056
1116 0.00027290764
1117 0.0002729682
1118 0.00027250763
1119 0.00027279108
1120 0.00027237556
1121 0.00027248115
1122 0.0002716676
1123 0.00027171912
1124 0.0002710626
1125 0.00027098256
1126 0.00027062284
1127 0.0002705999
1128 0.0002702821
1129 0.00027026478
1130 0.00026950054
1131 0.00026931867
1132 0.00026870877
1133 0.00026851695
1134 0.00026752183
1135 0.00026760032
1136 0.0002671251
1137 0.0002670476
1138 0.0002668329
1139 0.00026718737
1140 0.00026679595
1141 0.00026673893
1142 0.0002664101
1143 0.00026622036
1144 0.0002657534
1145 0.0002661112
1146 0.0002654531
1147 0.00026536122
1148 0.00026482117
1149 0.0002648361
1150 0.00026467984
1151 0.0002643095
1152 0.0002636366
1153 0.000264051
1154 0.0002639716
1155 0.0002637209
1156 0.00026339956
1157 0.0002634437
1158 0.00026288626
1159 0.00026291815
1160 0.00026247645
1161 0.00026223768
1162 0.0002622919
1163 0.00026239015
1164 0.0002620582
1165 0.00026234487
1166 0.00026209222
1167 0.00026193258
1168 0.00026155118
1169 0.00026167123
1170 0.0002611457
1171 0.00026127978
1172 0.00026074908
1173 0.00026038988
1174 0.0002598913
1175 0.00025992157
1176 0.00025929636
1177 0.00025941484
1178 0.00025911952
1179 0.000258845
1180 0.00025848887
1181 0.00025825194
1182 0.00025760024
1183 0.00025731896
1184 0.00025652093
1185 0.00025647928
1186 0.00025587407
1187 0.00025569645
1188 0.00025500281
1189 0.00025527278
1190 0.00025506053
1191 0.00025503297
1192 0.00025460654
1193 0.0002548043
1194 0.0002544059
1195 0.00025429355
1196 0.00025402103
1197 0.00025390644
1198 0.00025390185
1199 0.00025390953
1200 0.0002533366
1201 0.00025306368
1202 0.00025274418
1203 0.00025252596
1204 0.0002520351
1205 0.00025180285
1206 0.0002512628
1207 0.00025114656
1208 0.00025046716
1209 0.00025055482
1210 0.00025013555
1211 0.00024991363
1212 0.00024935906
1213 0.0002491836
1214 0.00024871746
1215 0.0002481312
1216 0.00024778774
1217 0.00024815192
1218 0.00024787406
1219 0.00024788443
1220 0.0002476837
1221 0.00024768707
1222 0.00024753826
1223 0.00024759007
1224 0.00024712936
1225 0.0002475598
1226 0.00024722936
1227 0.00024712746
1228 0.00024684131
1229 0.00024671707
1230 0.00024596654
1231 0.00024606392
1232 0.00024548857
1233 0.00024529407
1234 0.00024505382
1235 0.0002450418
1236 0.00024457704
1237 0.00024473033
1238 0.000244365
1239 0.00024417246
1240 0.00024348381
1241 0.00024339989
1242 0.00024281202
1243 0.00024280531
1244 0.00024248155
1245 0.00024235081
1246 0.00024220366
1247 0.00024207793
1248 0.00024164275
1249 0.00024192757
1250 0.00024140291
1251 0.00024099156
1252 0.00024059619
1253 0.00024061435
1254 0.0002401971
1255 0.00024010119
1256 0.00023970008
1257 0.00023956028
1258 0.00023924094
1259 0.00023900869
1260 0.00023842353
1261 0.00023842153
1262 0.00023795679
1263 0.00023782164
1264 0.00023740395
1265 0.00023741613
1266 0.00023703398
1267 0.00023704581
1268 0.00023659189
1269 0.00023620808
1270 0.00023578238
1271 0.00023584109
1272 0.0002350981
1273 0.00023522948
1274 0.00023501916
1275 0.00023488243
1276 0.00023473946
1277 0.0002348254
1278 0.00023446736
1279 0.0002343601
1280 0.00023384296
1281 0.0002338695
1282 0.00023365057
1283 0.00023358918
1284 0.00023335064
1285 0.00023365366
1286 0.00023338146
1287 0.00023321818
1288 0.0002329577
1289 0.00023299888
1290 0.00023234446
1291 0.00023227048
1292 0.0002318107
1293 0.00023165483
1294 0.00023109185
1295 0.00023092634
1296 0.00023042154
1297 0.00023044777
1298 0.0002301396
1299 0.00023003509
1300 0.00022951717
1301 0.00022960358
1302 0.00022908706
1303 0.00022902059
1304 0.00022845056
1305 0.00022834957
1306 0.00022828123
1307 0.00022816513
1308 0.00022768066
1309 0.00022760674
1310 0.00022704857
1311 0.00022690247
1312 0.0002266628
1313 0.0002267479
1314 0.00022615229
1315 0.00022612695
1316 0.00022564772
1317 0.00022540551
1318 0.00022514652
1319 0.00022491884
1320 0.00022443236
1321 0.00022440143
1322 0.00022391684
1323 0.00022354985
1324 0.0002233489
1325 0.00022332017
1326 0.00022297745
1327 0.00022284198
1328 0.00022248528
1329 0.0002222459
1330 0.00022180384
1331 0.00022176084
1332 0.00022128245
1333 0.00022114025
1334 0.00022066827
1335 0.00022030651
1336 0.00021957722
1337 0.00021938903
1338 0.00021907406
1339 0.00021899446
1340 0.00021880277
1341 0.00021853803
1342 0.00021826557
1343 0.00021803021
1344 0.00021760358
1345 0.00021796951
1346 0.00021773319
1347 0.00021746379
1348 0.00021710829
1349 0.00021714946
1350 0.00021661255
1351 0.00021674002
1352 0.00021653622
1353 0.00021646314
1354 0.00021640393
1355 0.00021635053
1356 0.00021607183
1357 0.00021620607
1358 0.0002157688
1359 0.00021551571
1360 0.00021537494
1361 0.00021533953
1362 0.00021495014
1363 0.00021480134
1364 0.00021437013
1365 0.00021436952
1366 0.00021399921
1367 0.00021385401
1368 0.00021318768
1369 0.00021318515
1370 0.0002127641
1371 0.00021253734
1372 0.0002122809
1373 0.00021211442
1374 0.00021151785
1375 0.00021119473
1376 0.00021082447
1377 0.0002106448
1378 0.00021029434
1379 0.00021016564
1380 0.00020974773
1381 0.00020986969
1382 0.00020970186
1383 0.0002093857
1384 0.00020890219
1385 0.0002087648
1386 0.00020835515
1387 0.00020826003
1388 0.00020800633
1389 0.00020769634
1390 0.00020743204
1391 0.0002071534
1392 0.00020685156
1393 0.00020684238
1394 0.00020630761
1395 0.00020596587
1396 0.00020555117
1397 0.00020530049
1398 0.0002048774
1399 0.00020486141
1400 0.0002041486
1401 0.00020376775
1402 0.00020335295
1403 0.00020308954
1404 0.00020270777
1405 0.00020263946
1406 0.00020228505
1407 0.00020201641
1408 0.0002015684
1409 0.00020206915
1410 0.00020189655
1411 0.00020195796
1412 0.00020170577
1413 0.00020168477
1414 0.0002015953
1415 0.00020158081
1416 0.000201187
1417 0.00020136233
1418 0.00020099833
1419 0.00020094252
1420 0.00020078465
1421 0.00020077759
1422 0.000200093
1423 0.00020015994
1424 0.00019973087
1425 0.00019971136
1426 0.00019943465
1427 0.00019922489
1428 0.00019884598
1429 0.00019875346
1430 0.0001982988
1431 0.00019801882
1432 0.00019757522
1433 0.00019762032
1434 0.00019743734
1435 0.00019723317
1436 0.00019706367
1437 0.00019698309
1438 0.00019663856
1439 0.00019638914
1440 0.0001961361
1441 0.00019633688
1442 0.00019597533
1443 0.00019560066
1444 0.00019511003
1445 0.00019518755
1446 0.00019503522
1447 0.00019508446
1448 0.00019456647
1449 0.00019432064
1450 0.00019393142
1451 0.00019370147
1452 0.00019334319
1453 0.0001933699
1454 0.00019289882
1455 0.00019273437
1456 0.00019226442
1457 0.00019224366
1458 0.0001918285
1459 0.00019204001
1460 0.000191714
1461 0.0001915896
1462 0.00019129942
1463 0.0001913939
1464 0.00019085572
1465 0.00019075575
1466 0.00019046833
1467 0.00019018697
1468 0.00018988535
1469 0.0001899408
1470 0.00018961889
1471 0.0001893514
1472 0.00018891323
1473 0.00018931898
1474 0.00018898501
1475 0.00018890404
1476 0.00018863252
1477 0.00018882328
1478 0.00018845403
1479 0.00018831051
1480 0.00018805928
1481 0.0001879833
1482 0.000187355
1483 0.00018742049
1484 0.00018722509
1485 0.00018705393
1486 0.00018684652
1487 0.00018677633
1488 0.00018656699
1489 0.00018662216
1490 0.00018632026
1491 0.00018616306
1492 0.00018579193
1493 0.00018591489
1494 0.00018549223
1495 0.00018557144
1496 0.00018511797
1497 0.00018496605
1498 0.00018479668
1499 0.00018465372
1500 0.00018454772
1501 0.00018460116
1502 0.0001841965
1503 0.00018392452
1504 0.00018369817
1505 0.00018380232
1506 0.00018338971
1507 0.00018350838
1508 0.00018322555
1509 0.000183122
1510 0.00018288533
1511 0.00018272578
1512 0.00018229545
1513 0.00018229231
1514 0.0001819981
1515 0.00018183264
1516 0.00018159374
1517 0.00018167048
1518 0.00018138121
1519 0.0001813219
1520 0.0001810874
1521 0.00018104924
1522 0.00018067041
1523 0.00018064151
1524 0.00018023129
1525 0.00018016313
1526 0.00017993139
1527 0.00017976976
1528 0.00017928051
1529 0.00017907452
1530 0.00017865689
1531 0.00017854382
1532 0.0001782719
1533 0.00017827595
1534 0.00017803416
1535 0.00017769147
1536 0.00017740435
1537 0.00017772733
1538 0.00017744345
1539 0.0001772006
1540 0.00017699912
1541 0.00017714487
1542 0.00017686094
1543 0.00017699742
1544 0.00017690002
1545 0.00017691172
1546 0.00017684835
1547 0.00017683163
1548 0.00017664018
1549 0.00017670525
1550 0.00017628493
1551 0.0001760787
1552 0.00017579607
1553 0.00017588514
1554 0.00017564744
1555 0.00017571583
1556 0.00017543172
1557 0.00017532072
1558 0.00017512131
1559 0.0001748403
1560 0.00017434254
1561 0.00017421802
1562 0.00017373395
1563 0.0001735716
1564 0.00017343502
1565 0.00017341199
1566 0.00017298192
1567 0.00017294867
1568 0.00017260596
1569 0.00017260175
1570 0.0001723559
1571 0.00017236294
1572 0.00017196544
1573 0.0001721899
1574 0.00017201794
1575 0.00017183296
1576 0.00017150668
1577 0.00017138994
1578 0.00017096753
1579 0.00017081574
1580 0.00017054054
1581 0.00017046292
1582 0.00017026703
1583 0.0001700996
1584 0.00016981718
1585 0.00016970783
1586 0.00016931581
1587 0.00016913543
1588 0.00016881763
1589 0.00016862452
1590 0.0001683356
1591 0.00016838498
1592 0.00016779773
1593 0.00016766037
1594 0.00016750445
1595 0.00016747024
1596 0.00016721895
1597 0.00016721021
1598 0.00016700741
1599 0.0001667803
1600 0.00016650751
1601 0.00016679292
1602 0.00016670207
1603 0.00016668311
1604 0.00016647858
1605 0.00016644732
1606 0.00016636265
1607 0.00016629497
1608 0.00016615273
1609 0.00016631396
1610 0.00016603617
1611 0.00016601989
1612 0.00016586568
1613 0.00016573048
1614 0.00016524464
1615 0.00016527252
1616 0.0001648973
1617 0.00016496437
1618 0.00016468414
1619 0.00016465585
1620 0.00016433612
1621 0.00016440613
1622 0.00016409531
1623 0.00016402258
1624 0.0001636002
1625 0.00016349931
1626 0.00016316515
1627 0.00016319042
1628 0.00016307495
1629 0.0001630202
1630 0.00016280673
1631 0.00016271617
1632 0.0001623848
1633 0.00016249805
1634 0.00016224873
1635 0.00016212357
1636 0.00016196573
1637 0.00016202641
1638 0.00016179509
1639 0.0001617728
1640 0.00016138447
1641 0.00016126776
1642 0.00016096108
1643 0.00016083625
1644 0.00016049799
1645 0.00016050333
1646 0.00016016477
1647 0.00015995778
1648 0.00015981066
1649 0.0001598725
1650 0.0001596425
1651 0.0001597568
1652 0.00015950912
1653 0.00015936037
1654 0.0001590652
1655 0.00015911019
1656 0.00015864598
1657 0.00015856222
1658 0.00015827069
1659 0.00015800301
1660 0.00015772266
1661 0.00015768477
1662 0.00015755804
1663 0.00015738927
1664 0.00015716387
1665 0.00015723443
1666 0.00015709703
1667 0.0001569682
1668 0.00015678021
1669 0.00015686035
1670 0.00015662477
1671 0.00015636456
1672 0.0001561495
1673 0.00015607702
1674 0.00015570586
1675 0.0001557506
1676 0.00015554731
1677 0.00015533107
1678 0.0001551988
1679 0.00015511316
1680 0.00015485236
1681 0.00015487534
1682 0.00015472053
1683 0.00015472835
1684 0.00015442335
1685 0.0001544598
1686 0.0001541166
1687 0.00015415577
1688 0.00015378321
1689 0.00015364686
1690 0.00015352141
1691 0.00015348336
1692 0.00015332169
1693 0.0001532593
1694 0.00015296522
1695 0.00015280758
1696 0.00015257101
1697 0.00015264159
1698 0.0001523993
1699 0.00015245008
1700 0.00015224903
1701 0.00015207544
1702 0.00015193125
1703 0.00015184248
1704 0.0001516303
1705 0.0001515089
1706 0.00015132566
1707 0.00015113587
1708 0.00015099607
1709 0.00015098735
1710 0.00015079038
1711 0.00015073677
1712 0.00015057366
1713 0.00015057692
1714 0.00015027328
1715 0.00015033889
1716 0.00015000069
1717 0.00015005074
1718 0.00014981015
1719 0.00014962055
1720 0.0001492819
1721 0.0001491152
1722 0.00014883834
1723 0.0001487271
1724 0.00014849332
1725 0.00014843242
1726 0.00014825862
1727 0.00014796383
1728 0.00014771146
1729 0.00014794728
1730 0.0001479363
1731 0.00014789845
1732 0.00014783212
1733 0.00014808548
1734 0.00014794775
1735 0.00014804218
1736 0.00014797431
1737 0.00014791972
1738 0.00014786817
1739 0.00014793436
1740 0.00014769833
1741 0.00014778058
1742 0.00014747787
1743 0.00014741813
1744 0.00014737723
1745 0.00014745996
1746 0.00014720604
1747 0.0001472703
1748 0.00014689994
1749 0.00014688805
1750 0.0001467679
1751 0.00014657575
1752 0.000146227
1753 0.00014618815
1754 0.00014587354
1755 0.00014570125
1756 0.00014565818
1757 0.00014564185
1758 0.00014546212
1759 0.00014528296
1760 0.00014501678
1761 0.0001450634
1762 0.00014497813
1763 0.00014509198
1764 0.00014494178
1765 0.00014501762
1766 0.00014479278
1767 0.00014458165
1768 0.00014432192
1769 0.0001441648
1770 0.00014392573
1771 0.00014394466
1772 0.00014368923
1773 0.00014361885
1774 0.00014344463
1775 0.00014335549
1776 0.00014315142
1777 0.00014321295
1778 0.00014296825
1779 0.00014296258
1780 0.00014269515
1781 0.0001426586
1782 0.00014242427
1783 0.00014259598
1784 0.00014226812
1785 0.00014220478
1786 0.00014207402
1787 0.00014191862
1788 0.00014173254
1789 0.0001417577
1790 0.0001416321
1791 0.00014145173
1792 0.00014122567
1793 0.00014138155
1794 0.000141252
1795 0.00014124379
1796 0.00014111625
1797 0.00014106231
1798 0.00014087712
1799 0.00014081338
1800 0.000140635
1801 0.00014071356
1802 0.0001404169
1803 0.00014040446
1804 0.00014026418
1805 0.00014022535
1806 0.0001399591
1807 0.00013993478
1808 0.00013977557
1809 0.0001398035
1810 0.00013967443
1811 0.00013976994
1812 0.00013942417
1813 0.00013944138
1814 0.00013923747
1815 0.00013924832
1816 0.00013899297
1817 0.00013902907
1818 0.00013882715
1819 0.00013877577
1820 0.00013856815
1821 0.0001384557
1822 0.0001382558
1823 0.00013820744
1824 0.00013801118
1825 0.00013813698
1826 0.0001380074
1827 0.00013786771
1828 0.00013764818
1829 0.0001375622
1830 0.00013734435
1831 0.00013734342
1832 0.00013707651
1833 0.00013700905
1834 0.00013683226
1835 0.00013679221
1836 0.00013653538
1837 0.00013652151
1838 0.00013640206
1839 0.00013624172
1840 0.00013603643
1841 0.00013619135
1842 0.0001359749
1843 0.00013622535
1844 0.00013598554
1845 0.00013585486
1846 0.00013566842
1847 0.00013570562
1848 0.0001353767
1849 0.00013527306
1850 0.00013499417
1851 0.00013476198
1852 0.00013460044
1853 0.0001346129
1854 0.00013451639
1855 0.00013444596
1856 0.00013420648
1857 0.00013428196
1858 0.00013415267
1859 0.00013408819
1860 0.00013396585
1861 0.00013402796
1862 0.00013388276
1863 0.00013373837
1864 0.00013361567
1865 0.00013368716
1866 0.0001334632
1867 0.00013349531
1868 0.00013340886
1869 0.00013342757
1870 0.00013340378
1871 0.0001334642
1872 0.00013333927
1873 0.00013332731
1874 0.00013323853
1875 0.0001332419
1876 0.00013297434
1877 0.00013296028
1878 0.00013280957
1879 0.00013290855
1880 0.00013265213
1881 0.00013267132
1882 0.00013252677
1883 0.00013243666
1884 0.00013219437
1885 0.00013223781
1886 0.00013202813
1887 0.00013199642
1888 0.00013184808
1889 0.00013192369
1890 0.00013174543
1891 0.0001319007
1892 0.00013181641
1893 0.00013173162
1894 0.00013161638
1895 0.0001316378
1896 0.00013145513
1897 0.00013151397
1898 0.00013141033
1899 0.00013131162
1900 0.00013112114
1901 0.00013114695
1902 0.0001309919
1903 0.00013094429
1904 0.00013081438
1905 0.00013091243
1906 0.00013072969
1907 0.00013083819
1908 0.00013058582
1909 0.00013059286
1910 0.00013038392
1911 0.00013027858
1912 0.00012999604
1913 0.00012992125
1914 0.00012960697
1915 0.00012963651
1916 0.00012944105
1917 0.00012942718
1918 0.00012932334
1919 0.00012930499
1920 0.00012915624
1921 0.00012927398
1922 0.00012928041
1923 0.00012920346
1924 0.00012913534
1925 0.00012922684
1926 0.00012914604
1927 0.00012919876
1928 0.00012909027
1929 0.00012910983
1930 0.00012904305
1931 0.00012903611
1932 0.00012890859
1933 0.00012896868
1934 0.00012886683
1935 0.00012882843
1936 0.00012866313
1937 0.00012867799
1938 0.00012857688
1939 0.00012864252
1940 0.00012836086
1941 0.00012825316
1942 0.00012807599
1943 0.00012801016
1944 0.00012773773
1945 0.00012779176
1946 0.0001276172
1947 0.00012753581
1948 0.00012741738
1949 0.00012748272
1950 0.0001272931
1951 0.00012735101
1952 0.00012716852
1953 0.00012715749
1954 0.00012707784
1955 0.0001271552
1956 0.00012694937
1957 0.0001269138
1958 0.00012678032
1959 0.00012658809
1960 0.00012640015
1961 0.00012637096
1962 0.00012616478
1963 0.00012618862
1964 0.00012598594
1965 0.00012589122
1966 0.0001257686
1967 0.00012573559
1968 0.00012555426
1969 0.00012555676
1970 0.00012535331
1971 0.00012531415
1972 0.00012514117
1973 0.00012509209
1974 0.00012488909
1975 0.00012499899
1976 0.00012475417
1977 0.0001246536
1978 0.0001245451
1979 0.00012453382
1980 0.00012435539
1981 0.00012433936
1982 0.00012424233
1983 0.00012411698
1984 0.00012387442
1985 0.0001239234
1986 0.00012387156
1987 0.00012392698
1988 0.00012386082
1989 0.00012377935
1990 0.00012372015
1991 0.00012363527
1992 0.0001235021
1993 0.00012362188
1994 0.00012337157
1995 0.00012340471
1996 0.00012326786
1997 0.00012334101
1998 0.00012313112
1999 0.0001231896
2000 0.00012299322
2001 0.00012313423
2002 0.00012290034
2003 0.0001230339
2004 0.0001228175
2005 0.00012279769
2006 0.00012261029
2007 0.00012259757
2008 0.00012237838
2009 0.00012237953
2010 0.00012207564
2011 0.00012199821
2012 0.00012176329
2013 0.00012182152
2014 0.000121686775
2015 0.0001217215
2016 0.00012157167
2017 0.00012157145
2018 0.00012145549
2019 0.00012135693
2020 0.00012124102
2021 0.0001211543
2022 0.00012101303
2023 0.00012101949
2024 0.00012081629
2025 0.00012081542
2026 0.0001208072
2027 0.000120752215
2028 0.000120592216
2029 0.0001205413
2030 0.000120489254
2031 0.0001203903
2032 0.00012030455
2033 0.00012034942
2034 0.00012016376
2035 0.00012031801
2036 0.00012013453
2037 0.000120053155
2038 0.00011988204
2039 0.00011984308
2040 0.000119488635
2041 0.00011951196
2042 0.0001193522
2043 0.00011921233
2044 0.00011908897
2045 0.00011904068
2046 0.00011889973
2047 0.00011887584
2048 0.00011870257
2049 0.000118768105
2050 0.000118629774
2051 0.000118642136
2052 0.00011852649
2053 0.000118636024
2054 0.00011854742
2055 0.00011856819
2056 0.00011842962
2057 0.00011842114
2058 0.00011821883
2059 0.0001182477
2060 0.00011820344
2061 0.000118093434
2062 0.00011803209
2063 0.00011813015
2064 0.00011798068
2065 0.000117897376
2066 0.00011772
2067 0.00011773429
2068 0.00011757973
2069 0.00011754246
2070 0.000117327065
2071 0.00011737689
2072 0.00011718548
2073 0.000117186
2074 0.000117050644
2075 0.00011693626
2076 0.00011676229
2077 0.000116788615
2078 0.00011662186
2079 0.00011658929
2080 0.00011650732
2081 0.000116537456
2082 0.000116469026
2083 0.00011658511
2084 0.00011649892
2085 0.00011644748
2086 0.00011634768
2087 0.00011639547
2088 0.00011618786
2089 0.00011619605
2090 0.00011614136
2091 0.00011605633
2092 0.00011586787
2093 0.000115854054
2094 0.00011582174
2095 0.00011583604
2096 0.0001157553
2097 0.000115721574
2098 0.000115617215
2099 0.00011574756
2100 0.00011551063
2101 0.00011549423
2102 0.00011537447
2103 0.00011526301
2104 0.00011506751
2105 0.00011502111
2106 0.000114775496
2107 0.000114780625
2108 0.00011464532
2109 0.00011468191
2110 0.00011457959
2111 0.000114578186
2112 0.00011442434
2113 0.00011450187
2114 0.00011442331
2115 0.000114331604
2116 0.000114206625
2117 0.00011422786
2118 0.00011405963
2119 0.00011402016
2120 0.00011382966
2121 0.00011386987
2122 0.0001138525
2123 0.00011381822
2124 0.00011369332
2125 0.000113723916
2126 0.00011359434
2127 0.000113632035
2128 0.00011359643
2129 0.000113580536
2130 0.00011346505
2131 0.00011350153
2132 0.00011332979
2133 0.00011326614
2134 0.00011315114
2135 0.000113153066
2136 0.00011294235
2137 0.00011293895
2138 0.000112810885
2139 0.00011271544
2140 0.00011268485
2141 0.0001127308
2142 0.00011259412
2143 0.00011263072
2144 0.0001124847
2145 0.00011240554
2146 0.000112284855
2147 0.00011225736
2148 0.00011215472
2149 0.00011225382
2150 0.00011215117
2151 0.00011201519
2152 0.000111858455
2153 0.00011190655
2154 0.00011174193
2155 0.000111773676
2156 0.000111634145
2157 0.00011159598
2158 0.0001114435
2159 0.00011141823
2160 0.00011131352
2161 0.00011137587
2162 0.00011122089
2163 0.00011135085
2164 0.000111137095
2165 0.000111117515
2166 0.00011094674
2167 0.00011104276
2168 0.00011071027
2169 0.000110656
2170 0.00011057692
2171 0.00011053944
2172 0.000110269815
2173 0.000110205576
2174 0.00011006924
2175 0.00010998296
2176 0.000109879635
2177 0.000109930195
2178 0.000109766974
2179 0.00010974916
2180 0.00010959078
2181 0.000109493645
2182 0.0001093971
2183 0.00010929164
2184 0.00010910036
2185 0.0001091334
2186 0.00010897767
2187 0.000108955275
2188 0.00010897349
2189 0.00010899959
2190 0.000108922955
2191 0.000108986664
2192 0.0001089693
2193 0.00010902082
2194 0.000108803935
2195 0.00010884314
2196 0.00010869035
2197 0.00010871876
2198 0.00010864996
2199 0.00010862097
2200 0.00010847517
2201 0.00010841654
2202 0.00010826407
2203 0.0001082153
2204 0.000108086766
2205 0.00010808743
2206 0.000108013875
2207 0.00010809205
2208 0.000107934335
2209 0.00010793548
2210 0.000107718464
2211 0.00010755358
2212 0.00010748157
2213 0.0001074653
2214 0.000107341504
2215 0.00010745475
2216 0.00010732555
2217 0.00010730039
2218 0.00010720831
2219 0.00010714655
2220 0.000106949585
2221 0.000106951484
2222 0.00010683681
2223 0.000106691725
2224 0.00010659432
2225 0.0001066456
2226 0.0001064888
2227 0.00010659589
2228 0.00010645148
2229 0.00010637891
2230 0.00010621862
2231 0.00010620743
2232 0.00010595302
2233 0.0001059266
2234 0.0001057421
2235 0.00010560061
2236 0.000105446044
2237 0.000105455445
2238 0.00010534303
2239 0.00010528194
2240 0.00010514968
2241 0.000105129264
2242 0.000105100284
2243 0.000105047235
2244 0.000105006984
2245 0.00010502091
2246 0.00010500503
2247 0.00010490761
2248 0.000104776336
2249 0.000104700135
2250 0.00010454177
2251 0.000104516155
2252 0.00010445354
2253 0.00010448998
2254 0.00010440052
2255 0.00010443076
2256 0.000104448714
2257 0.00010436434
2258 0.000104097715
2259 0.000104034465
2260 0.000103953564
2261 0.00010393237
2262 0.00010387278
2263 0.00010391432
2264 0.00010372821
2265 0.000103693455
2266 0.00010358162
2267 0.00010349622
2268 0.00010334192
2269 0.00010341649
2270 0.000103260434
2271 0.00010333112
2272 0.000103246886
2273 0.000103285776
2274 0.000103191574
2275 0.00010324529
2276 0.00010321851
2277 0.000103202765
2278 0.000103154256
2279 0.000103119244
2280 0.00010293138
2281 0.00010293561
2282 0.000102834376
2283 0.000102808764
2284 0.0001027375
2285 0.00010274492
2286 0.00010260314
2287 0.000102616825
2288 0.00010254144
2289 0.000102500926
2290 0.000102383834
2291 0.00010241102
2292 0.00010228571
2293 0.00010228483
2294 0.000102176986
2295 0.000102065664
2296 0.0001019139
2297 0.00010187687
2298 0.00010179811
2299 0.00010181817
2300 0.00010172048
2301 0.00010170304
2302 0.00010163219
2303 0.00010158952
2304 0.00010150567
2305 0.000101527075
2306 0.00010146381
2307 0.000101348494
2308 0.00010125491
2309 0.00010127412
2310 0.00010117743
2311 0.00010125083
2312 0.00010107865
2313 0.00010103902
2314 0.000101017984
2315 0.00010103527
2316 0.000100960875
2317 0.00010096434
2318 0.00010077469
2319 0.0001007493
2320 0.000100662255
2321 0.000100684156
2322 0.00010053943
2323 0.000100645135
2324 0.00010052332
2325 0.000100581135
2326 0.000100474426
2327 0.00010048059
2328 0.00010032132
2329 0.00010033804
2330 0.00010028415
2331 0.00010022475
2332 0.000100161866
2333 0.000100213125
2334 0.00009999729
2335 0.00010005116
2336 0.00009993677
2337 0.00009993223
2338 0.00009976024
2339 0.00009973028
2340 0.00009960989
2341 0.000099594705
2342 0.000099442375
2343 0.00009927359
2344 0.00009912414
2345 0.00009907947
2346 0.00009893224
2347 0.00009891893
2348 0.00009879622
2349 0.00009875295
2350 0.000098762896
2351 0.000098696604
2352 0.000098650286
2353 0.00009869123
2354 0.00009855189
2355 0.00009857568
2356 0.0000985285
2357 0.000098498334
2358 0.00009834179
2359 0.00009840923
2360 0.0000982432
2361 0.00009815838
2362 0.00009802653
2363 0.00009796457
2364 0.000097818156
2365 0.00009783426
2366 0.00009773713
2367 0.00009761203
2368 0.000097546355
2369 0.00009755869
2370 0.00009745361
2371 0.00009745053
2372 0.00009736429
2373 0.00009732633
2374 0.000097232165
2375 0.00009721555
2376 0.00009707703
2377 0.00009714872
2378 0.00009709054
2379 0.00009707869
2380 0.00009708637
2381 0.000097117045
2382 0.00009701367
2383 0.000097031494
2384 0.00009705242
2385 0.00009700865
2386 0.00009688951
2387 0.00009696977
2388 0.00009680223
2389 0.000096751486
2390 0.00009666107
2391 0.00009666967
2392 0.00009650428
2393 0.00009645246
2394 0.000096295225
2395 0.00009626548
2396 0.00009607839
2397 0.0000961013
2398 0.000096073345
2399 0.0000960545
2400 0.0000959528
2401 0.0000959786
2402 0.00009580685
2403 0.000095681105
2404 0.00009566865
2405 0.00009568936
2406 0.000095615826
2407 0.00009573731
2408 0.00009562007
2409 0.00009560311
2410 0.000095507145
2411 0.00009547071
2412 0.00009533037
2413 0.000095282
2414 0.00009522787
2415 0.00009517911
2416 0.00009502447
2417 0.00009498664
2418 0.00009486373
2419 0.00009490647
2420 0.000094791016
2421 0.00009472538
2422 0.00009468065
2423 0.0000946805
2424 0.00009450492
2425 0.00009447099
2426 0.00009426869
2427 0.00009419214
2428 0.000094081326
2429 0.0000940858
2430 0.00009396174
2431 0.000094017494
2432 0.00009393306
2433 0.00009389971
2434 0.000093793235
2435 0.00009382472
2436 0.000093765746
2437 0.00009385048
2438 0.00009378821
2439 0.00009373788
2440 0.00009362656
2441 0.00009366146
2442 0.00009355087
2443 0.000093523144
2444 0.00009347745
2445 0.00009344839
2446 0.00009335578
2447 0.00009330195
2448 0.00009321099
2449 0.00009322214
2450 0.00009306722
2451 0.00009307346
2452 0.00009301951
2453 0.00009300678
2454 0.000092880575
2455 0.000092909715
2456 0.000092752285
2457 0.00009273238
2458 0.00009271267
2459 0.000092731454
2460 0.000092626295
2461 0.00009266627
2462 0.00009256369
2463 0.00009256443
2464 0.000092561924
2465 0.000092555645
2466 0.00009239958
2467 0.00009237411
2468 0.00009232485
2469 0.00009223593
2470 0.000092145776
2471 0.00009212326
2472 0.000091991096
2473 0.00009197653
2474 0.0000918767
2475 0.000091792266
2476 0.0000917238
2477 0.00009165853
2478 0.00009155808
2479 0.00009153134
2480 0.00009142296
2481 0.00009135086
2482 0.00009123674
2483 0.00009123963
2484 0.00009111819
2485 0.00009118052
2486 0.00009107413
2487 0.00009110056
2488 0.00009096776
2489 0.00009090364
2490 0.00009072759
2491 0.00009077698
2492 0.000090676454
2493 0.00009065002
2494 0.0000905783
2495 0.00009057099
2496 0.00009041175
2497 0.00009037211
2498 0.00009021623
2499 0.00009014658
2500 0.00009005317
2501 0.000090112044
2502 0.000090010086
2503 0.00008997651
2504 0.00008983965
2505 0.00008988171
2506 0.00008983442
2507 0.00008984124
2508 0.00008977816
2509 0.00008978816
2510 0.00008964329
2511 0.00008959464
2512 0.00008962686
2513 0.00008964037
2514 0.00008955685
2515 0.00008963113
2516 0.00008956279
2517 0.00008951702
2518 0.00008936753
2519 0.00008939328
2520 0.00008917949
2521 0.000089118184
2522 0.000088994806
2523 0.00008891841
2524 0.000088819084
2525 0.000088816625
2526 0.000088739354
2527 0.00008873119
2528 0.00008867187
2529 0.00008861262
2530 0.00008850336
2531 0.00008845759
2532 0.00008835283
2533 0.00008833781
2534 0.00008821904
2535 0.00008808018
2536 0.000088021785
2537 0.00008799192
2538 0.00008784455
2539 0.00008787516
2540 0.000087781045
2541 0.00008770918
2542 0.00008765623
2543 0.000087602304
2544 0.0000875062
2545 0.00008746369
2546 0.00008737829
2547 0.000087368186
2548 0.00008730923
2549 0.00008734519
2550 0.000087236906
2551 0.0000873119
2552 0.00008719071
2553 0.0000871172
2554 0.00008709859
2555 0.0000870656
2556 0.00008690155
2557 0.000086878914
2558 0.00008676233
2559 0.000086697866
2560 0.00008662554
2561 0.0000866264
2562 0.00008652687
2563 0.00008649271
2564 0.000086402935
2565 0.00008635734
2566 0.00008635446
2567 0.00008634477
2568 0.00008627742
2569 0.000086272514
2570 0.00008623157
2571 0.00008620358
2572 0.00008620514
2573 0.00008618404
2574 0.00008605039
2575 0.00008601646
2576 0.00008600786
2577 0.000085957814
2578 0.00008583955
2579 0.00008586335
2580 0.00008575947
2581 0.000085746404
2582 0.000085599255
2583 0.000085601954
2584 0.000085576714
2585 0.00008553418
2586 0.000085379346
2587 0.00008533407
2588 0.00008520967
2589 0.000085202504
2590 0.00008514577
2591 0.00008514158
2592 0.00008503831
2593 0.00008510872
2594 0.00008502261
2595 0.00008495162
2596 0.000084919586
2597 0.00008495607
2598 0.00008488297
2599 0.00008498366
2600 0.00008492604
2601 0.000084839914
2602 0.00008475943
2603 0.000084806794
2604 0.00008470295
2605 0.00008463521
2606 0.00008456779
2607 0.00008449461
2608 0.00008441682
2609 0.000084362
2610 0.000084261505
2611 0.00008432684
2612 0.000084243366
2613 0.0000841555
2614 0.00008408372
2615 0.00008407925
2616 0.00008392368
2617 0.000083875326
2618 0.000083793115
2619 0.000083697974
2620 0.000083654784
2621 0.00008366941
2622 0.00008362851
2623 0.00008365608
2624 0.000083611325
2625 0.00008361551
2626 0.000083517116
2627 0.000083561536
2628 0.000083494466
2629 0.0000834972
2630 0.000083436855
2631 0.00008335338
2632 0.000083266365
2633 0.00008329271
2634 0.00008321408
2635 0.00008322362
2636 0.000083147905
2637 0.00008310758
2638 0.00008305113
2639 0.00008303022
2640 0.000083006766
2641 0.0000829698
2642 0.00008289464
2643 0.00008283271
2644 0.000082791375
2645 0.00008277797
2646 0.000082673396
2647 0.00008276151
2648 0.00008268965
2649 0.00008267689
2650 0.00008268122
2651 0.00008269665
2652 0.00008261224
2653 0.00008262297
2654 0.00008259166
2655 0.00008257862
2656 0.00008253674
2657 0.0000825654
2658 0.00008247871
2659 0.0000824392
2660 0.00008236706
2661 0.0000823589
2662 0.00008227836
2663 0.000082282
2664 0.000082181425
2665 0.00008225199
2666 0.00008216547
2667 0.00008218731
2668 0.00008210234
2669 0.00008204175
2670 0.00008196765
2671 0.00008191412
2672 0.000081833954
2673 0.000081745544
2674 0.00008166478
2675 0.000081748905
2676 0.00008166661
2677 0.00008167871
2678 0.00008155731
2679 0.00008156486
2680 0.00008147617
2681 0.000081507074
2682 0.000081435195
2683 0.00008141994
2684 0.00008130368
2685 0.00008126846
2686 0.00008117881
2687 0.00008115815
2688 0.00008107855
2689 0.000081156715
2690 0.00008107248
2691 0.00008101174
2692 0.000081011225
2693 0.00008100462
2694 0.00008088422
2695 0.00008095913
2696 0.00008091966
2697 0.00008096298
2698 0.000080891536
2699 0.000080935126
2700 0.00008087625
2701 0.00008088274
2702 0.00008080938
2703 0.00008079631
2704 0.0000807861
2705 0.00008079781
2706 0.00008069899
2707 0.00008079429
2708 0.00008071957
2709 0.00008064791
2710 0.00008058789
2711 0.000080661746
2712 0.00008056979
2713 0.00008055372
2714 0.00008046507
2715 0.000080419915
2716 0.00008040343
2717 0.00008038785
2718 0.00008029586
2719 0.00008031829
2720 0.0000802405
2721 0.00008018896
2722 0.00008003429
2723 0.000080009464
2724 0.00007989038
2725 0.00007989133
2726 0.00007977171
2727 0.000079702535
2728 0.00007968022
2729 0.000079725265
2730 0.00007965925
2731 0.000079664496
2732 0.0000795815
2733 0.00007954506
2734 0.00007946256
2735 0.00007948104
2736 0.0000793647
2737 0.00007935673
2738 0.0000792858
2739 0.000079286365
2740 0.00007923463
2741 0.000079221216
2742 0.000079141566
2743 0.00007918803
2744 0.000079100755
2745 0.000079060046
2746 0.00007901088
2747 0.0000789529
2748 0.00007875274
2749 0.00007869385
2750 0.00007857963
2751 0.000078522884
2752 0.00007848107
2753 0.000078524725
2754 0.00007840844
2755 0.00007848204
2756 0.00007843225
2757 0.00007841151
2758 0.00007837017
2759 0.00007843977
2760 0.000078355115
2761 0.00007839123
2762 0.00007833847
2763 0.00007832621
2764 0.00007827824
2765 0.000078285135
2766 0.00007821812
2767 0.00007820764
2768 0.00007816254
2769 0.00007815228
2770 0.00007803686
2771 0.000078041165
2772 0.00007794624
2773 0.000077964636
2774 0.00007788932
2775 0.00007787457
2776 0.00007780093
2777 0.00007779945
2778 0.00007770606
2779 0.00007766914
2780 0.00007759468
2781 0.000077563476
2782 0.00007755933
2783 0.00007757904
2784 0.00007749629
2785 0.00007751169
2786 0.000077421166
2787 0.000077345845
2788 0.00007728393
2789 0.00007730532
2790 0.00007723787
2791 0.000077275385
2792 0.00007723259
2793 0.00007724809
2794 0.00007714803
2795 0.00007715778
2796 0.00007705048
2797 0.00007703748
2798 0.00007696672
2799 0.00007689291
2800 0.00007680071
2801 0.00007679552
2802 0.00007669594
2803 0.000076710356
2804 0.000076630844
2805 0.00007655236
2806 0.0000764701
2807 0.0000764823
2808 0.00007633237
2809 0.00007634447
2810 0.00007624217
2811 0.00007618618
2812 0.00007614117
2813 0.000076130214
2814 0.00007605294
2815 0.00007603945
2816 0.00007595243
2817 0.00007594802
2818 0.00007587162
2819 0.00007591738
2820 0.00007584111
2821 0.00007586752
2822 0.000075807766
2823 0.00007581893
2824 0.00007578229
2825 0.000075825534
2826 0.000075748074
2827 0.00007579772
2828 0.00007572811
2829 0.00007571913
2830 0.000075622236
2831 0.000075626725
2832 0.00007555205
2833 0.00007550894
2834 0.00007544903
2835 0.000075396805
2836 0.000075333104
2837 0.00007530791
2838 0.0000752134
2839 0.00007525994
2840 0.000075193995
2841 0.000075229895
2842 0.00007524063
2843 0.00007524203
2844 0.000075218115
2845 0.00007519518
2846 0.00007511731
2847 0.00007512989
2848 0.00007509425
2849 0.000075115786
2850 0.0000749989
2851 0.00007505358
2852 0.00007499428
2853 0.00007493139
2854 0.00007486839
2855 0.00007487412
2856 0.000074754666
2857 0.00007476626
2858 0.00007470436
2859 0.00007466973
2860 0.00007455969
2861 0.00007454367
2862 0.000074431075
2863 0.0000744485
2864 0.00007437261
2865 0.0000743785
2866 0.000074301
2867 0.00007439502
2868 0.00007432079
2869 0.00007433915
2870 0.000074239986
2871 0.00007422591
2872 0.000074178046
2873 0.00007420583
2874 0.00007409675
2875 0.00007406209
2876 0.00007397889
2877 0.00007394578
2878 0.00007390446
2879 0.00007388609
2880 0.000073787734
2881 0.000073850315
2882 0.00007377478
2883 0.00007371993
2884 0.00007366559
2885 0.0000736552
2886 0.00007356958
2887 0.00007357652
2888 0.00007349557
2889 0.00007351513
2890 0.00007350403
2891 0.00007353715
2892 0.000073521864
2893 0.000073482726
2894 0.00007341296
2895 0.00007340814
2896 0.00007336642
2897 0.00007335109
2898 0.00007324296
2899 0.00007329618
2900 0.00007321436
2901 0.00007313236
2902 0.00007303276
2903 0.0000730597
2904 0.00007293124
2905 0.00007293743
2906 0.00007289145
2907 0.00007281587
2908 0.00007275701
2909 0.000072725226
2910 0.000072624964
2911 0.00007259733
2912 0.00007252042
2913 0.00007253982
2914 0.00007240044
2915 0.00007242255
2916 0.00007230975
2917 0.00007235986
2918 0.00007230586
2919 0.000072293595
2920 0.00007228753
2921 0.000072267634
2922 0.00007221394
2923 0.00007221036
2924 0.000072131406
2925 0.000072093644
2926 0.00007202845
2927 0.0000720799
2928 0.00007200989
2929 0.000071973765
2930 0.0000718792
2931 0.00007186147
2932 0.00007179964
2933 0.00007178826
2934 0.000071702285
2935 0.00007177498
2936 0.00007174141
2937 0.00007173264
2938 0.00007168975
2939 0.00007165365
2940 0.00007155684
2941 0.00007152855
2942 0.00007146851
2943 0.00007136961
2944 0.00007134984
2945 0.00007140294
2946 0.00007133863
2947 0.00007141402
2948 0.0000713772
2949 0.00007136852
2950 0.00007135397
2951 0.00007141998
2952 0.00007134322
2953 0.0000713796
2954 0.00007134096
2955 0.000071325696
2956 0.000071282586
2957 0.00007131658
2958 0.00007123863
2959 0.000071260154
2960 0.00007121196
2961 0.00007115589
2962 0.00007114134
2963 0.00007115517
2964 0.00007105345
2965 0.00007110252
2966 0.000071078306
2967 0.00007109426
2968 0.00007103999
2969 0.00007105171
2970 0.00007095113
2971 0.000070959686
2972 0.00007092005
2973 0.00007092582
2974 0.00007090972
2975 0.0000709438
2976 0.000070912865
2977 0.00007095161
2978 0.0000707998
2979 0.000070762115
2980 0.000070678914
2981 0.00007071192
2982 0.00007064608
2983 0.00007069981
2984 0.00007067357
2985 0.00007064115
2986 0.00007057758
2987 0.00007056183
2988 0.00007046661
2989 0.00007049051
2990 0.000070430404
2991 0.00007044667
2992 0.0000703551
2993 0.00007031742
2994 0.00007019888
2995 0.00007019649
2996 0.00007012378
2997 0.000070047965
2998 0.00007000625
2999 0.00007005453
3000 0.000069951144
3001 0.00006997594
3002 0.00006996391
3003 0.000069942376
3004 0.00006995258
3005 0.00006997895
3006 0.000069922186
3007 0.00006993756
3008 0.00006991216
3009 0.00006990876
3010 0.00006981543
3011 0.00006984362
3012 0.000069778216
3013 0.00006984842
3014 0.000069796355
3015 0.000069755966
3016 0.00006972515
3017 0.00006979691
3018 0.00006973521
3019 0.000069760405
3020 0.00006969536
3021 0.00006972119
3022 0.00006961088
3023 0.00006962341
3024 0.000069554444
3025 0.00006958258
3026 0.00006950692
3027 0.000069532885
3028 0.00006948208
3029 0.000069507994
3030 0.00006939567
3031 0.000069448135
3032 0.00006934825
3033 0.00006932406
3034 0.00006929644
3035 0.00006928794
3036 0.00006918512
3037 0.000069157504
3038 0.00006908534
3039 0.00006905002
3040 0.000069041496
3041 0.00006906096
3042 0.00006893088
3043 0.000068972004
3044 0.000068903966
3045 0.00006884485
3046 0.00006880698
3047 0.00006880791
3048 0.000068725756
3049 0.00006874844
3050 0.00006869334
3051 0.00006867217
3052 0.000068633955
3053 0.00006864296
3054 0.0000686085
3055 0.0000686069
3056 0.00006854384
3057 0.00006850733
3058 0.00006840071
3059 0.00006841335
3060 0.00006833283
3061 0.000068358044
3062 0.00006832915
3063 0.00006829538
3064 0.00006824691
3065 0.000068257716
3066 0.00006820142
3067 0.00006819943
3068 0.000068131536
3069 0.00006810249
3070 0.00006806741
3071 0.00006802791
3072 0.00006792504
3073 0.00006798675
3074 0.000067912755
3075 0.000067895504
3076 0.00006782263
3077 0.000067857836
3078 0.000067772184
3079 0.00006785919
3080 0.000067815585
3081 0.0000678467
3082 0.00006781905
3083 0.00006781927
3084 0.00006778209
3085 0.000067828616
3086 0.00006772306
3087 0.000067680296
3088 0.000067637004
3089 0.00006765286
3090 0.00006755897
3091 0.000067578854
3092 0.00006751253
3093 0.00006750097
3094 0.000067455105
3095 0.00006747623
3096 0.00006737119
3097 0.00006740231
3098 0.00006732269
3099 0.00006726446
3100 0.000067243454
3101 0.000067257075
3102 0.000067153065
3103 0.00006711337
3104 0.000067077846
3105 0.000067051646
3106 0.00006697365
3107 0.00006698061
3108 0.0000669098
3109 0.000066968394
3110 0.000066928376
3111 0.000066908746
3112 0.00006686878
3113 0.00006686134
3114 0.00006679215
3115 0.000066810055
3116 0.00006676544
3117 0.00006671405
3118 0.000066616114
3119 0.00006662681
3120 0.00006655074
3121 0.00006656838
3122 0.000066489185
3123 0.00006645904
3124 0.000066442495
3125 0.000066416025
3126 0.0000663278
3127 0.000066387525
3128 0.00006634542
3129 0.00006632152
3130 0.00006623546
3131 0.000066206725
3132 0.000066122775
3133 0.0000661164
3134 0.00006601984
3135 0.0000659989
3136 0.000065962726
3137 0.000066026914
3138 0.0000659754
3139 0.00006603355
3140 0.00006598756
3141 0.000065971995
3142 0.0000659335
3143 0.00006598593
3144 0.0000659077
3145 0.00006593814
3146 0.00006590794
3147 0.000065893095
3148 0.00006584007
3149 0.00006587243
3150 0.00006577277
3151 0.00006580187
3152 0.00006575013
3153 0.000065704655
3154 0.00006566716
3155 0.00006565709
3156 0.00006557576
3157 0.00006560665
3158 0.000065585504
3159 0.00006555644
3160 0.00006548392
3161 0.00006550783
3162 0.00006544309
3163 0.000065435255
3164 0.000065404856
3165 0.00006541846
3166 0.00006536531
3167 0.0000653516
3168 0.00006530885
3169 0.00006530522
3170 0.00006521379
3171 0.00006518458
3172 0.00006512918
3173 0.000065149354
3174 0.00006509762
3175 0.00006514019
3176 0.00006506553
3177 0.00006506247
3178 0.000065018314
3179 0.0000650321
3180 0.00006496305
3181 0.00006495072
3182 0.00006485427
3183 0.00006482949
3184 0.00006471756
3185 0.00006471731
3186 0.00006462922
3187 0.00006466642
3188 0.00006460849
3189 0.00006460705
3190 0.00006458084
3191 0.00006465942
3192 0.00006456565
3193 0.00006456547
3194 0.00006452279
3195 0.00006447834
3196 0.00006444874
3197 0.00006442812
3198 0.000064329426
3199 0.00006429551
3200 0.00006424055
3201 0.00006428287
3202 0.000064217
3203 0.000064211024
3204 0.00006413414
3205 0.00006419025
3206 0.00006413967
3207 0.00006413115
3208 0.00006412
3209 0.000064139116
3210 0.000064078966
3211 0.000064111955
3212 0.000064093445
3213 0.00006407744
3214 0.00006403529
3215 0.000064042775
3216 0.0000640378
3217 0.0000640729
3218 0.00006397985
3219 0.0000640001
3220 0.000063965555
3221 0.00006400553
3222 0.00006391241
3223 0.00006397905
3224 0.00006390313
3225 0.00006387706
3226 0.00006381887
3227 0.00006379158
3228 0.000063731
3229 0.000063741376
3230 0.000063650914
3231 0.00006359491
3232 0.00006354832
3233 0.0000635836
3234 0.000063467516
3235 0.00006348376
3236 0.00006339728
3237 0.00006336326
3238 0.00006332773
3239 0.0000633445
3240 0.00006326325
3241 0.00006327537
3242 0.00006324963
3243 0.000063235784
3244 0.00006320617
3245 0.00006322535
3246 0.00006318827
3247 0.00006319119
3248 0.00006311626
3249 0.000063123814
3250 0.000063074294
3251 0.0000630981
3252 0.000062992745
3253 0.00006302497
3254 0.00006299674
3255 0.00006299321
3256 0.000062945895
3257 0.00006292871
3258 0.00006285411
3259 0.0000628259
3260 0.00006274854
3261 0.000062708
3262 0.000062655294
3263 0.000062592255
3264 0.00006250856
3265 0.00006253897
3266 0.00006247329
3267 0.00006243632
3268 0.00006242569
3269 0.00006245172
3270 0.00006237781
3271 0.000062481115
3272 0.000062466286
3273 0.00006247241
3274 0.000062460014
3275 0.00006248287
3276 0.000062429055
3277 0.00006243567
3278 0.00006235932
3279 0.00006234028
3280 0.00006225388
3281 0.00006227689
3282 0.000062174564
3283 0.00006222072
3284 0.00006215908
3285 0.000062138526
3286 0.00006213058
3287 0.000062152685
3288 0.00006206141
3289 0.00006206758
3290 0.0000619693
3291 0.000061915474
3292 0.000061886116
3293 0.00006188581
3294 0.00006178246
3295 0.000061779516
3296 0.00006171757
3297 0.00006173817
3298 0.00006165059
3299 0.000061673454
3300 0.00006159971
3301 0.000061667386
3302 0.000061621715
3303 0.0000615956
3304 0.00006153543
3305 0.00006154422
3306 0.0000614569
3307 0.000061454775
3308 0.00006139845
3309 0.00006139609
3310 0.00006133074
3311 0.00006129843
3312 0.00006122495
3313 0.00006122212
3314 0.00006113272
3315 0.000061089486
3316 0.00006103887
3317 0.00006102024
3318 0.00006094124
3319 0.000060974002
3320 0.0000609147
3321 0.000060869723
3322 0.000060861592
3323 0.000060836806
3324 0.00006078149
3325 0.000060795828
3326 0.00006075041
3327 0.000060704635
3328 0.000060694336
3329 0.000060729988
3330 0.000060683764
3331 0.00006068681
3332 0.00006067172
3333 0.000060655406
3334 0.000060652823
3335 0.00006068511
3336 0.000060649665
3337 0.000060664246
3338 0.000060648297
3339 0.00006064394
3340 0.000060632872
3341 0.000060652146
3342 0.000060556544
3343 0.00006058286
3344 0.000060521656
3345 0.00006052622
3346 0.0000604875
3347 0.00006050539
3348 0.000060446924
3349 0.000060493687
3350 0.000060457205
3351 0.000060487622
3352 0.000060476188
3353 0.000060489238
3354 0.00006039811
3355 0.000060428472
3356 0.000060410584
3357 0.00006040221
3358 0.000060349248
3359 0.000060328748
3360 0.000060249553
3361 0.000060255123
3362 0.00006021571
3363 0.000060207327
3364 0.000060201455
3365 0.00006023566
3366 0.000060187398
3367 0.000060206527
3368 0.00006015276
3369 0.000060131304
3370 0.000060080423
3371 0.00006009181
3372 0.000060009374
3373 0.00006001577
3374 0.000059932965
3375 0.000059915306
3376 0.000059863964
3377 0.000059862155
3378 0.000059789294
3379 0.00005981308
3380 0.00005977616
3381 0.000059778857
3382 0.00005976164
3383 0.000059814076
3384 0.00005975314
3385 0.000059740196
3386 0.00005970329
3387 0.000059648177
3388 0.000059624766
3389 0.000059641556
3390 0.000059567177
3391 0.000059542155
3392 0.00005948815
3393 0.000059516147
3394 0.000059501635
3395 0.00005950195
3396 0.00005943575
3397 0.000059481445
3398 0.000059462454
3399 0.00005945208
3400 0.00005943642
3401 0.000059476784
3402 0.000059412887
3403 0.000059461054
3404 0.000059430797
3405 0.000059440532
3406 0.000059377573
3407 0.000059384714
3408 0.000059354486
3409 0.000059394806
3410 0.00005935753
3411 0.000059386268
3412 0.000059347774
3413 0.00005938449
3414 0.00005929206
3415 0.000059348327
3416 0.00005931961
3417 0.000059298913
3418 0.000059260758
3419 0.000059264414
3420 0.00005917311
3421 0.000059190806
3422 0.000059103226
3423 0.000059056576
3424 0.00005901791
3425 0.000059059013
3426 0.000059024624
3427 0.00005903442
3428 0.000058996553
3429 0.000058941878
3430 0.00005893744
3431 0.000058944166
3432 0.000058898535
3433 0.000058921898
3434 0.000058911344
3435 0.000058890255
3436 0.000058859056
3437 0.000058872938
3438 0.000058809073
3439 0.000058824684
3440 0.000058765472
3441 0.00005873728
3442 0.00005870081
3443 0.000058727215
3444 0.000058665762
3445 0.000058701615
3446 0.000058677786
3447 0.000058673708
3448 0.00005864085
3449 0.00005861158
3450 0.000058535064
3451 0.00005852764
3452 0.00005845073
3453 0.000058418227
3454 0.000058365993
3455 0.00005830659
3456 0.000058207974
3457 0.000058267473
3458 0.000058270263
3459 0.000058308164
3460 0.0000582997
3461 0.00005835124
3462 0.00005833058
3463 0.00005838796
3464 0.00005836852
3465 0.000058381193
3466 0.000058374746
3467 0.00005838237
3468 0.0000583051
3469 0.000058322414
3470 0.000058266833
3471 0.0000582764
3472 0.000058225396
3473 0.00005822436
3474 0.00005814786
3475 0.000058157024
3476 0.000058082587
3477 0.000058063233
3478 0.000058060406
3479 0.000058060596
3480 0.000058029313
3481 0.000058037916
3482 0.000057987247
3483 0.000057949957
3484 0.0000579519
3485 0.000057944693
3486 0.000057891724
3487 0.0000578957
3488 0.000057861158
3489 0.000057875823
3490 0.000057879777
3491 0.000057904745
3492 0.000057869267
3493 0.00005786651
3494 0.00005782489
3495 0.00005780458
3496 0.00005780522
3497 0.000057830806
3498 0.000057791814
3499 0.00005781205
3500 0.000057767673
3501 0.00005776293
3502 0.00005772188
3503 0.00005771562
3504 0.000057648926
3505 0.000057683705
3506 0.000057653902
3507 0.000057654826
3508 0.000057644917
3509 0.000057640682
3510 0.000057585705
3511 0.000057630477
3512 0.00005761254
3513 0.000057600446
3514 0.0000576107
3515 0.00005759967
3516 0.00005755612
3517 0.00005757525
3518 0.000057535643
3519 0.00005751848
3520 0.000057483718
3521 0.000057536166
3522 0.0000575062
3523 0.000057493304
3524 0.000057462566
3525 0.00005745343
3526 0.00005744693
3527 0.000057454323
3528 0.00005741557
3529 0.000057469344
3530 0.000057424702
3531 0.00005742213
3532 0.00005740824
3533 0.000057412588
3534 0.00005737641
3535 0.000057374164
3536 0.00005734929
3537 0.000057349756
3538 0.000057333025
3539 0.00005735643
3540 0.000057300305
3541 0.00005734955
3542 0.000057324363
3543 0.00005736971
3544 0.000057358266
3545 0.00005736067
3546 0.000057280085
3547 0.00005728384
3548 0.00005723011
3549 0.000057193574
3550 0.000057133093
3551 0.000057132784
3552 0.000057071786
3553 0.00005709591
3554 0.00005707802
3555 0.000057076446
3556 0.00005704575
3557 0.000057023113
3558 0.000056958084
3559 0.00005698936
3560 0.00005696531
3561 0.00005697284
3562 0.000056924742
3563 0.00005695387
3564 0.000056867975
3565 0.0000568665
3566 0.000056818633
3567 0.000056815206
3568 0.000056771878
3569 0.0000568234
3570 0.000056768295
3571 0.00005683101
3572 0.000056788653
3573 0.000056777277
3574 0.00005675615
3575 0.00005678624
3576 0.00005671039
3577 0.000056698842
3578 0.000056665802
3579 0.000056642326
3580 0.00005662131
3581 0.000056623023
3582 0.000056574234
3583 0.000056563844
3584 0.000056492663
3585 0.000056510034
3586 0.000056500598
3587 0.00005651164
3588 0.000056463443
3589 0.00005647718
3590 0.000056433248
3591 0.000056404126
3592 0.000056391178
3593 0.000056441808
3594 0.000056409855
3595 0.000056445115
3596 0.000056456807
3597 0.000056463807
3598 0.00005646251
3599 0.000056474848
3600 0.000056443212
3601 0.000056477427
3602 0.000056439934
3603 0.00005644593
3604 0.000056408106
3605 0.00005643046
3606 0.000056389683
3607 0.000056419573
3608 0.00005640117
3609 0.000056405093
3610 0.0000563723
3611 0.00005634678
3612 0.000056262677
3613 0.000056304685
3614 0.00005624175
3615 0.000056225817
3616 0.000056213765
3617 0.000056240475
3618 0.000056191024
3619 0.000056195517
3620 0.000056151202
3621 0.00005613982
3622 0.00005611545
3623 0.000056162786
3624 0.000056127607
3625 0.000056174296
3626 0.00005615917
3627 0.000056143825
3628 0.00005613758
3629 0.000056127934
3630 0.000056056695
3631 0.00005605844
3632 0.000056003802
3633 0.00005603224
3634 0.000056015404
3635 0.00005605145
3636 0.00005600146
3637 0.00005601288
3638 0.00005596494
3639 0.00005594762
3640 0.00005592347
3641 0.000055869685
3642 0.00005577527
3643 0.000055767086
3644 0.000055717617
3645 0.000055710752
3646 0.000055699333
3647 0.000055689612
3648 0.00005560743
3649 0.000055646324
3650 0.00005562491
3651 0.000055639266
3652 0.00005563257
3653 0.00005565516
3654 0.000055598186
3655 0.000055635923
3656 0.000055640052
3657 0.000055652847
3658 0.00005561567
3659 0.00005561157
3660 0.000055570516
3661 0.00005558819
3662 0.000055570137
3663 0.00005556813
3664 0.000055549714
3665 0.000055575012
3666 0.00005551541
3667 0.000055536395
3668 0.000055495762
3669 0.000055490033
3670 0.000055478275
3671 0.000055504614
3672 0.000055464126
3673 0.000055495035
3674 0.00005545148
3675 0.0000554538
3676 0.000055447046
3677 0.000055452052
3678 0.000055369703
3679 0.000055393033
3680 0.000055328204
3681 0.0000553253
3682 0.0000553214
3683 0.00005533986
3684 0.000055276025
3685 0.00005526691
3686 0.000055255903
3687 0.00005524832
3688 0.000055231365
3689 0.00005525545
3690 0.000055202294
3691 0.000055233708
3692 0.00005518039
3693 0.00005514573
3694 0.00005512022
3695 0.000055115448
3696 0.00005505626
3697 0.00005504567
3698 0.000054984703
3699 0.000054973963
3700 0.000054939977
3701 0.000054920776
3702 0.000054863627
3703 0.000054903274
3704 0.000054889657
3705 0.000054860124
3706 0.000054860015
3707 0.00005485805
3708 0.000054802884
3709 0.00005481317
3710 0.000054778313
3711 0.00005477807
3712 0.000054716427
3713 0.000054744578
3714 0.000054704604
3715 0.0000547082
3716 0.000054658827
3717 0.00005464208
3718 0.0000546524
3719 0.000054668446
3720 0.000054639855
3721 0.000054677068
3722 0.00005460439
3723 0.00005459742
3724 0.000054577024
3725 0.000054590528
3726 0.00005451997
3727 0.000054557102
3728 0.00005451221
3729 0.00005458029
3730 0.0000545571
3731 0.000054612443
3732 0.000054585737
3733 0.000054640015
3734 0.000054629578
3735 0.000054656583
3736 0.000054655684
3737 0.00005468376
3738 0.000054605935
3739 0.000054584532
3740 0.000054537155
3741 0.000054562377
3742 0.000054541648
3743 0.00005455315
3744 0.000054489108
3745 0.00005450675
3746 0.000054491273
3747 0.000054486038
3748 0.000054457407
3749 0.000054441385
3750 0.00005439114
3751 0.000054383574
3752 0.000054337663
3753 0.000054332522
3754 0.000054321838
3755 0.00005432562
3756 0.000054281787
3757 0.00005429031
3758 0.00005426322
3759 0.000054250915
3760 0.000054216664
3761 0.000054234235
3762 0.00005417658
3763 0.00005420373
3764 0.000054152384
3765 0.000054126485
3766 0.000054126358
3767 0.000054138873
3768 0.000054094708
3769 0.00005409903
3770 0.00005406256
3771 0.00005403118
3772 0.00005401185
3773 0.00005401544
3774 0.000053954736
3775 0.000053944692
3776 0.00005385757
3777 0.000053894528
3778 0.000053870033
3779 0.00005389502
3780 0.000053863667
3781 0.00005389496
3782 0.000053880798
3783 0.000053912903
3784 0.00005392867
3785 0.000053965
3786 0.000053910844
3787 0.00005393564
3788 0.000053918167
3789 0.000053921856
3790 0.000053922504
3791 0.00005395518
3792 0.00005389728
3793 0.000053902455
3794 0.000053859243
3795 0.000053885913
3796 0.000053862823
3797 0.000053879023
3798 0.000053817374
3799 0.00005384161
3800 0.00005381969
3801 0.000053829786
3802 0.0000538154
3803 0.000053771975
3804 0.000053702024
3805 0.000053712865
3806 0.000053674263
3807 0.00005366555
3808 0.0000536596
3809 0.000053673546
3810 0.000053671858
3811 0.000053688196
3812 0.000053673204
3813 0.000053661315
3814 0.000053675263
3815 0.000053680353
3816 0.000053624026
3817 0.00005366042
3818 0.0000536451
3819 0.0000536358
3820 0.00005360447
3821 0.00005359129
3822 0.00005356687
3823 0.000053577547
3824 0.000053536318
3825 0.000053537726
3826 0.00005353891
3827 0.000053555366
3828 0.000053476844
3829 0.000053488322
3830 0.00005345848
3831 0.000053447402
3832 0.000053422606
3833 0.0000534123
3834 0.000053342505
3835 0.00005334292
3836 0.000053294098
3837 0.00005329197
3838 0.000053294574
3839 0.00005327915
3840 0.000053206546
3841 0.00005325053
3842 0.00005322106
3843 0.000053228752
3844 0.000053220094
3845 0.00005323167
3846 0.00005318379
3847 0.000053184976
3848 0.000053168536
3849 0.000053168922
3850 0.000053153115
3851 0.000053152722
3852 0.00005311808
3853 0.00005312383
3854 0.000053097643
3855 0.000053086842
3856 0.000053091975
3857 0.000053108542
3858 0.000053065734
3859 0.000053073785
3860 0.000053043208
3861 0.000053023126
3862 0.000053010113
3863 0.000053034946
3864 0.00005301044
3865 0.00005303198
3866 0.000052997053
3867 0.00005299371
3868 0.000053003525
3869 0.000053010837
3870 0.0000529462
3871 0.000052969444
3872 0.00005291372
3873 0.00005289228
3874 0.00005286124
3875 0.000052875886
3876 0.000052836338
3877 0.000052860323
3878 0.000052845644
3879 0.00005282543
3880 0.00005279982
3881 0.000052809748
3882 0.00005274801
3883 0.000052759708
3884 0.00005268493
3885 0.000052662665
3886 0.000052626892
3887 0.000052619664
3888 0.000052580264
3889 0.00005261277
3890 0.000052573647
3891 0.000052596755
3892 0.000052552372
3893 0.000052578627
3894 0.000052555737
3895 0.000052581367
3896 0.000052556174
3897 0.000052538984
3898 0.000052535786
3899 0.000052509935
3900 0.000052441083
3901 0.000052454165
3902 0.000052431387
3903 0.000052427105
3904 0.000052412222
3905 0.00005243759
3906 0.00005238907
3907 0.00005239734
3908 0.000052362702
3909 0.000052323634
3910 0.00005229998
3911 0.00005227723
3912 0.000052229512
3913 0.000052254007
3914 0.000052219362
3915 0.00005220934
3916 0.000052234587
3917 0.00005223832
3918 0.000052208958
3919 0.00005223116
3920 0.000052214014
3921 0.000052250733
3922 0.000052217227
3923 0.000052225412
3924 0.00005219127
3925 0.00005222424
3926 0.000052191226
3927 0.00005219973
3928 0.0000521685
3929 0.000052160227
3930 0.000052087704
3931 0.000052092026
3932 0.000052067964
3933 0.00005205521
3934 0.000052042175
3935 0.00005205352
3936 0.000051995452
3937 0.00005200005
3938 0.000051945914
3939 0.000051918578
3940 0.000051875493
3941 0.000051879837
3942 0.000051821746
3943 0.000051831877
3944 0.000051787534
3945 0.00005179094
3946 0.00005177043
3947 0.000051752202
3948 0.000051693933
3949 0.000051696043
3950 0.00005164124
3951 0.000051623825
3952 0.000051628893
3953 0.00005164674
3954 0.000051578656
3955 0.000051570827
3956 0.000051526236
3957 0.00005153471
3958 0.00005150455
3959 0.000051508505
3960 0.000051429797
3961 0.000051420826
3962 0.000051357205
3963 0.000051319817
3964 0.00005129729
3965 0.000051276504
3966 0.000051220803
3967 0.000051198564
3968 0.000051145467
3969 0.000051150146
3970 0.00005115249
3971 0.00005116197
3972 0.000051161784
3973 0.00005118801
3974 0.000051173825
3975 0.000051187242
3976 0.000051163373
3977 0.000051172894
3978 0.000051135685
3979 0.000051141404
3980 0.000051136587
3981 0.000051109062
3982 0.00005106971
3983 0.00005105345
3984 0.000051041847
3985 0.000051063063
3986 0.000051012874
3987 0.000051003244
3988 0.00005097333
3989 0.00005097051
3990 0.000050925795
3991 0.000050932325
3992 0.000050879753
3993 0.00005087701
3994 0.000050854607
3995 0.00005082666
3996 0.00005077475
3997 0.000050796676
3998 0.00005074374
3999 0.000050749662
4000 0.000050734503
4001 0.000050767325
4002 0.000050725692
4003 0.00005072066
4004 0.000050690283
4005 0.00005068899
4006 0.00005068408
4007 0.00005067701
4008 0.000050612703
4009 0.00005061494
4010 0.00005057613
4011 0.000050572544
4012 0.000050543276
4013 0.000050542025
4014 0.000050482668
4015 0.000050495735
4016 0.000050465005
4017 0.0000504696
4018 0.000050458842
4019 0.000050432416
4020 0.00005037845
4021 0.000050357732
4022 0.00005031674
4023 0.000050274928
4024 0.000050238887
4025 0.000050223112
4026 0.000050200026
4027 0.000050171835
4028 0.000050141134
4029 0.00005014183
4030 0.000050135295
4031 0.000050087412
4032 0.000050047624
4033 0.000050079394
4034 0.000050054714
4035 0.000050034072
4036 0.000049993025
4037 0.00005000802
4038 0.000049953363
4039 0.00004996094
4040 0.000049896014
4041 0.00004987373
4042 0.000049853257
4043 0.000049848066
4044 0.000049800066
4045 0.00004979735
4046 0.000049723538
4047 0.00004971752
4048 0.000049694383
4049 0.000049705057
4050 0.000049631457
4051 0.000049679344
4052 0.00004964365
4053 0.00004967253
4054 0.00004965716
4055 0.00004969547
4056 0.000049665916
4057 0.000049663977
4058 0.00004961819
4059 0.00004960892
4060 0.000049574282
4061 0.000049587117
4062 0.000049515078
4063 0.000049528844
4064 0.00004949288
4065 0.000049496368
4066 0.0000494422
4067 0.000049431786
4068 0.00004941007
4069 0.000049404847
4070 0.000049365437
4071 0.000049335104
4072 0.000049296304
4073 0.000049256378
4074 0.00004919056
4075 0.00004919794
4076 0.000049164726
4077 0.000049121183
4078 0.0000491214
4079 0.000049110942
4080 0.000049088238
4081 0.00004910319
4082 0.000049066104
4083 0.00004906377
4084 0.00004904339
4085 0.00004904563
4086 0.000049001566
4087 0.000049006296
4088 0.000048957667
4089 0.000048938615
4090 0.00004890497
4091 0.00004887592
4092 0.000048815866
4093 0.000048828653
4094 0.000048795842
4095 0.000048761278
4096 0.000048747494
