1 0.5193039
4 0.12839846
9 0.021090329
16 0.0072761104
25 0.0029557871
36 0.0014425359
49 0.00080140645
64 0.00045972838
81 0.00029022538
100 0.0001894694
121 0.00013157316
144 0.00009420474
169 0.000067755274
196 0.000050638388
225 0.00003880553
256 0.000029548808
289 0.000022418488
324 0.000018785591
361 0.000015048343
400 0.000011893142
441 0.000010155242
484 0.000008326959
529 0.0000068684735
576 0.000005848492
625 0.0000049667433
676 0.0000042044603
729 0.0000036156168
784 0.0000031746708
841 0.0000027131955
900 0.000002390107
961 0.0000020913178
1024 0.0000018507506
1089 0.0000016665409
1156 0.0000014318582
1225 0.000001268765
1296 0.0000011298029
1369 0.0000010414896
1444 9.184818e-7
1521 8.221223e-7
1600 7.6420537e-7
1681 6.81603e-7
1764 6.21965e-7
1849 5.7323336e-7
1936 5.2409894e-7
2025 4.7059817e-7
2116 4.3507242e-7
2209 4.006116e-7
2304 3.702654e-7
2401 3.3990253e-7
2500 3.133485e-7
2601 2.882279e-7
2704 2.5857238e-7
2809 2.4581203e-7
2916 2.2523324e-7
3025 2.1469101e-7
3136 1.9886535e-7
3249 1.914606e-7
3364 1.7154082e-7
3481 1.6006216e-7
3600 1.4995187e-7
3721 1.4164634e-7
3844 1.2996088e-7
3969 1.2667955e-7
4096 1.1608889e-7
4225 1.1139766e-7
4356 1.0021572e-7
4489 9.7318406e-8
4624 8.846664e-8
4761 8.652882e-8
4900 7.991988e-8
5041 7.2608515e-8
5184 7.201415e-8
5329 6.819808e-8
5476 6.539276e-8
5625 6.228437e-8
5776 5.8318932e-8
5929 5.570871e-8
6084 5.2347758e-8
6241 4.9310028e-8
6400 4.70898e-8
6561 4.5140315e-8
6724 4.2882302e-8
6889 4.0747835e-8
7056 3.904297e-8
7225 3.774429e-8
7396 3.5666538e-8
7569 3.4153164e-8
7744 3.2405367e-8
7921 3.1101596e-8
8100 2.9229104e-8
8281 2.882082e-8
8464 2.7514108e-8
8649 2.6059586e-8
8836 2.518012e-8
9025 2.3999558e-8
9216 2.2575334e-8
9409 2.2029212e-8
9604 2.1677119e-8
9801 2.0337245e-8
10000 1.9031658e-8
10201 1.8615905e-8
10404 1.8092132e-8
10609 1.731545e-8
10816 1.7033743e-8
11025 1.5791281e-8
11236 1.5211183e-8
11449 1.4881568e-8
11664 1.4081198e-8
11881 1.3650679e-8
12100 1.3213369e-8
12321 1.28804585e-8
12544 1.2444651e-8
12769 1.2141085e-8
12996 1.1722683e-8
13225 1.1081976e-8
13456 1.0972701e-8
13689 1.0140061e-8
13924 1.0041885e-8
14161 9.630279e-9
14400 9.099116e-9
14641 8.865568e-9
14884 8.7086764e-9
15129 8.619863e-9
15376 8.376307e-9
15625 8.047022e-9
15876 7.834975e-9
16129 7.567404e-9
16384 7.2458235e-9
16641 7.1930386e-9
16900 6.700225e-9
17161 6.552202e-9
17424 6.3745453e-9
17689 6.2136234e-9
17956 6.0010126e-9
18225 5.8359158e-9
18496 5.6712848e-9
18769 5.4977525e-9
19044 5.513897e-9
19321 5.238202e-9
19600 5.0675e-9
19881 5.0474407e-9
20164 4.8299844e-9
20449 4.5822084e-9
20736 4.496282e-9
21025 4.47341e-9
21316 4.1911945e-9
21609 4.156215e-9
21904 4.080999e-9
22201 3.85385e-9
22500 3.822313e-9
22801 3.7139125e-9
23104 3.6336618e-9
23409 3.5033956e-9
23716 3.440725e-9
24025 3.3577061e-9
24336 3.2533611e-9
24649 3.2327672e-9
24964 3.1490082e-9
25281 3.0619873e-9
25600 2.9855551e-9
25921 2.8746372e-9
26244 2.8479896e-9
26569 2.732611e-9
26896 2.7156954e-9
27225 2.6208047e-9
27556 2.567797e-9
27889 2.463282e-9
28224 2.431241e-9
28561 2.4275097e-9
28900 2.3157385e-9
29241 2.2769329e-9
29584 2.2430593e-9
29929 2.1676083e-9
30276 2.1379762e-9
30625 2.0406083e-9
30976 2.0366049e-9
31329 1.9621e-9
31684 1.9552246e-9
32041 1.8432021e-9
32400 1.8045838e-9
32761 1.8205628e-9
33124 1.7743818e-9
33489 1.7393949e-9
33856 1.6702869e-9
34225 1.6596723e-9
34596 1.5789888e-9
34969 1.6080596e-9
35344 1.5303523e-9
35721 1.5551032e-9
36100 1.5341542e-9
36481 1.4949526e-9
36864 1.4270555e-9
37249 1.4569073e-9
37636 1.3405923e-9
38025 1.3188475e-9
38416 1.3169461e-9
38809 1.2623707e-9
39204 1.2758782e-9
39601 1.2781315e-9
40000 1.2447939e-9
40401 1.2129391e-9
40804 1.1862457e-9
41209 1.1484133e-9
41616 1.124864e-9
42025 1.1407276e-9
42436 1.0838792e-9
42849 1.0426092e-9
43264 1.071336e-9
43681 1.0400014e-9
44100 9.945756e-10
44521 9.890795e-10
44944 9.650623e-10
45369 9.529844e-10
45796 9.291887e-10
46225 9.1621416e-10
46656 9.117108e-10
47089 8.985534e-10
47524 8.609792e-10
47961 8.550301e-10
48400 8.5138385e-10
48841 8.305757e-10
49284 8.1303353e-10
49729 7.83673e-10
50176 7.8100454e-10
50625 7.8144846e-10
51076 7.808191e-10
51529 7.469638e-10
51984 7.2788436e-10
52441 7.21515e-10
52900 7.3357864e-10
53361 6.9915373e-10
53824 6.71845e-10
54289 6.693506e-10
54756 6.621743e-10
55225 6.501698e-10
55696 6.5148664e-10
56169 6.226622e-10
56644 6.200869e-10
57121 6.095019e-10
57600 6.0235167e-10
58081 5.8626687e-10
58564 5.7295224e-10
59049 5.8149413e-10
59536 5.57394e-10
60025 5.3464927e-10
60516 5.453205e-10
61009 5.339342e-10
61504 5.2356114e-10
62001 5.0191123e-10
62500 5.101396e-10
63001 5.03975e-10
63504 4.9343285e-10
64009 4.7804166e-10
64516 4.8237886e-10
65025 4.6922866e-10
65536 4.6150606e-10
