1 0.99986255
4 0.24967967
9 0.11015959
16 0.062206138
25 0.03877711
36 0.027490625
49 0.020347482
64 0.015411142
81 0.011842002
100 0.009181368
121 0.0072445264
144 0.0058091413
169 0.0047534383
196 0.00489744
225 0.0029654251
256 0.0025353322
289 0.0021726107
324 0.0018574938
361 0.001598511
400 0.001382972
441 0.001236417
484 0.0010668554
529 0.0009351595
576 0.00083318853
625 0.0007441068
676 0.00066623796
729 0.00060068205
784 0.00057874667
841 0.00046461646
900 0.00043084702
961 0.0003944402
1024 0.00036050615
1089 0.00032938388
1156 0.00030214866
1225 0.0002799588
1296 0.000258257
1369 0.00023767992
1444 0.00022055423
1521 0.00020462544
1600 0.00019148832
1681 0.00017705244
1764 0.00016658273
1849 0.0001517401
1936 0.00014348488
2025 0.00013388647
2116 0.00012651437
2209 0.00011801026
2304 0.00011109255
2401 0.00010432091
2500 0.00009886255
2601 0.00009309581
2704 0.00008782185
2809 0.00008338591
2916 0.00007849697
3025 0.00007464414
3136 0.000070490445
3249 0.00006777792
3364 0.000063974476
3481 0.00006083598
3600 0.00005799223
3721 0.00005513729
3844 0.000052317075
3969 0.00005020022
4096 0.00004798982
4225 0.00004581663
4356 0.000043864693
4489 0.000041640247
4624 0.000039710958
4761 0.000038350558
4900 0.0000363252
5041 0.000036904978
5184 0.000033990957
5329 0.000032577384
5476 0.000031117233
5625 0.000030110095
5776 0.000028962737
5929 0.000027556916
6084 0.00002755189
6241 0.000025802345
6400 0.000024926605
6561 0.000023842209
6724 0.000022979622
6889 0.00002223635
7056 0.000021244323
7225 0.000022514985
7396 0.000020046928
7569 0.000019395735
7744 0.000018707926
7921 0.000018180308
8100 0.000017533734
8281 0.00001695279
8464 0.000017351338
8649 0.000015846965
8836 0.000015504414
9025 0.00001489052
9216 0.000014380738
9409 0.000014046688
9604 0.000013631
9801 0.000014529517
10000 0.000012801943
10201 0.000012397049
10404 0.000012065023
10609 0.000011691601
10816 0.00001134653
11025 0.000011018852
11236 0.000011438135
11449 0.00001045429
11664 0.000010172604
11881 0.000009859826
12100 0.000009651786
12321 0.0000093561175
12544 0.000009200803
12769 0.0000095663945
12996 0.000008594332
13225 0.000008416415
13456 0.000008228839
13689 0.000008050041
13924 0.000007831831
14161 0.000007658572
14400 0.000007717694
14641 0.00000727129
14884 0.0000071015706
15129 0.0000069026855
15376 0.0000067275196
15625 0.0000066010894
15876 0.000006450202
16129 0.0000064688456
16384 0.0000061176193
16641 0.000006024175
16900 0.0000058503915
17161 0.0000057171587
17424 0.0000056169706
17689 0.000005475231
17956 0.000005395924
18225 0.00000526914
18496 0.000005178937
18769 0.000005025175
19044 0.0000049150503
19321 0.0000048303395
19600 0.0000047070803
19881 0.000004643898
20164 0.0000045242537
20449 0.000004411555
20736 0.0000042870884
21025 0.0000042596753
21316 0.0000041204466
21609 0.000004075322
21904 0.0000039860915
22201 0.0000039116376
22500 0.000003817632
22801 0.0000037540624
23104 0.0000036900924
23409 0.0000036018419
23716 0.0000035333996
24025 0.0000034372624
24336 0.000003405306
24649 0.00000333469
24964 0.000003280325
25281 0.00000324189
25600 0.000003166623
25921 0.0000031169623
26244 0.000003043939
26569 0.0000030188125
26896 0.0000029454386
27225 0.0000028898787
27556 0.0000028162783
27889 0.0000027765168
28224 0.0000027319818
28561 0.0000026704845
28900 0.0000027190665
29241 0.0000025912873
29584 0.0000025502409
29929 0.000002504712
30276 0.0000024716858
30625 0.0000024296169
30976 0.0000023653593
31329 0.0000024055432
31684 0.0000023023958
32041 0.0000022596141
32400 0.0000022254922
32761 0.0000021809362
33124 0.0000021564845
33489 0.000002108247
33856 0.0000022265203
34225 0.0000020577452
34596 0.0000020343055
34969 0.0000019878987
35344 0.000001967311
35721 0.000001927097
36100 0.0000018961733
36481 0.0000019812044
36864 0.000001843718
37249 0.0000018089759
37636 0.0000017843626
38025 0.0000017505145
38416 0.0000017267049
38809 0.0000017009554
39204 0.000001822153
39601 0.0000016548997
40000 0.0000016237454
40401 0.000001598389
40804 0.0000015952713
41209 0.0000015557084
41616 0.0000015431781
42025 0.0000016070949
42436 0.0000014961846
42849 0.0000014770729
43264 0.000001449323
43681 0.0000014249671
44100 0.0000014097548
44521 0.000001387625
44944 0.0000014593465
45369 0.0000013445775
45796 0.0000013291377
46225 0.0000012964462
46656 0.0000012887457
47089 0.0000012720699
47524 0.0000012600724
47961 0.000001282189
48400 0.0000012334808
48841 0.0000012099626
49284 0.0000011863359
49729 0.0000011747308
50176 0.0000011671875
50625 0.0000011523664
51076 0.0000011642123
51529 0.0000011190514
51984 0.000001097705
52441 0.0000010820669
52900 0.0000010744378
53361 0.0000010613021
53824 0.0000010348144
54289 0.00000104032
54756 0.0000010155782
55225 0.0000010032109
55696 9.928051e-7
56169 9.802778e-7
56644 9.686138e-7
57121 9.561686e-7
57600 9.4929294e-7
58081 9.246318e-7
58564 9.2708e-7
59049 9.074037e-7
59536 8.9634955e-7
60025 8.8298094e-7
60516 8.6998125e-7
61009 8.6435216e-7
61504 8.549635e-7
62001 8.497868e-7
62500 8.3097876e-7
63001 8.2940784e-7
63504 8.1066105e-7
64009 8.0637494e-7
64516 7.956486e-7
65025 7.881592e-7
65536 7.82364e-7
